
##### CMIP5 GHG data from Harun  /cs/data/ras029/ObsData/GHG-data/CMIP5-AR5_GHGdata/HistGHGm_1850-2005_v2.dat 

 YEARS  CO2  CH4  N2O  CFC_11  CFC_12  CFC_113  HCFC_22  HFC125  HFC134a  
 kg/kg  kg/kg  kg/kg  kg/kg  kg/kg  kg/kg  kg/kg  kg/kg  kg/kg  kg/kg

 1850.   4.32598E-04  4.38078E-07  4.18499E-07  0.00000E+00  0.00000E+00  0.00000E+00  0.00000E+00  0.00000E+00  0.00000E+00
 1851.   4.32826E-04  4.38782E-07  4.18613E-07  0.00000E+00  0.00000E+00  0.00000E+00  0.00000E+00  0.00000E+00  0.00000E+00
 1852.   4.33016E-04  4.39612E-07  4.18765E-07  0.00000E+00  0.00000E+00  0.00000E+00  0.00000E+00  0.00000E+00  0.00000E+00
 1853.   4.33206E-04  4.40443E-07  4.18917E-07  0.00000E+00  0.00000E+00  0.00000E+00  0.00000E+00  0.00000E+00  0.00000E+00
 1854.   4.33434E-04  4.41274E-07  4.19069E-07  0.00000E+00  0.00000E+00  0.00000E+00  0.00000E+00  0.00000E+00  0.00000E+00
 1855.   4.33662E-04  4.41966E-07  4.19221E-07  0.00000E+00  0.00000E+00  0.00000E+00  0.00000E+00  0.00000E+00  0.00000E+00
 1856.   4.33889E-04  4.42659E-07  4.19373E-07  0.00000E+00  0.00000E+00  0.00000E+00  0.00000E+00  0.00000E+00  0.00000E+00
 1857.   4.34117E-04  4.43489E-07  4.19525E-07  0.00000E+00  0.00000E+00  0.00000E+00  0.00000E+00  0.00000E+00  0.00000E+00
 1858.   4.34383E-04  4.44320E-07  4.19677E-07  0.00000E+00  0.00000E+00  0.00000E+00  0.00000E+00  0.00000E+00  0.00000E+00
 1859.   4.34649E-04  4.45151E-07  4.19829E-07  0.00000E+00  0.00000E+00  0.00000E+00  0.00000E+00  0.00000E+00  0.00000E+00
 1860.   4.34877E-04  4.45982E-07  4.19981E-07  0.00000E+00  0.00000E+00  0.00000E+00  0.00000E+00  0.00000E+00  0.00000E+00
 1861.   4.35105E-04  4.46812E-07  4.20133E-07  0.00000E+00  0.00000E+00  0.00000E+00  0.00000E+00  0.00000E+00  0.00000E+00
 1862.   4.35295E-04  4.47643E-07  4.20285E-07  0.00000E+00  0.00000E+00  0.00000E+00  0.00000E+00  0.00000E+00  0.00000E+00
 1863.   4.35485E-04  4.48474E-07  4.20437E-07  0.00000E+00  0.00000E+00  0.00000E+00  0.00000E+00  0.00000E+00  0.00000E+00
 1864.   4.35713E-04  4.49305E-07  4.20589E-07  0.00000E+00  0.00000E+00  0.00000E+00  0.00000E+00  0.00000E+00  0.00000E+00
 1865.   4.35903E-04  4.50274E-07  4.20741E-07  0.00000E+00  0.00000E+00  0.00000E+00  0.00000E+00  0.00000E+00  0.00000E+00
 1866.   4.36055E-04  4.51243E-07  4.20893E-07  0.00000E+00  0.00000E+00  0.00000E+00  0.00000E+00  0.00000E+00  0.00000E+00
 1867.   4.36206E-04  4.52074E-07  4.21044E-07  0.00000E+00  0.00000E+00  0.00000E+00  0.00000E+00  0.00000E+00  0.00000E+00
 1868.   4.36396E-04  4.52905E-07  4.21196E-07  0.00000E+00  0.00000E+00  0.00000E+00  0.00000E+00  0.00000E+00  0.00000E+00
 1869.   4.36624E-04  4.53735E-07  4.21348E-07  0.00000E+00  0.00000E+00  0.00000E+00  0.00000E+00  0.00000E+00  0.00000E+00
 1870.   4.36852E-04  4.54705E-07  4.21462E-07  0.00000E+00  0.00000E+00  0.00000E+00  0.00000E+00  0.00000E+00  0.00000E+00
 1871.   4.37118E-04  4.55674E-07  4.21538E-07  0.00000E+00  0.00000E+00  0.00000E+00  0.00000E+00  0.00000E+00  0.00000E+00
 1872.   4.37422E-04  4.56505E-07  4.21652E-07  0.00000E+00  0.00000E+00  0.00000E+00  0.00000E+00  0.00000E+00  0.00000E+00
 1873.   4.37764E-04  4.57335E-07  4.21804E-07  0.00000E+00  0.00000E+00  0.00000E+00  0.00000E+00  0.00000E+00  0.00000E+00
 1874.   4.38182E-04  4.58166E-07  4.21956E-07  0.00000E+00  0.00000E+00  0.00000E+00  0.00000E+00  0.00000E+00  0.00000E+00
 1875.   4.38637E-04  4.59135E-07  4.22070E-07  0.00000E+00  0.00000E+00  0.00000E+00  0.00000E+00  0.00000E+00  0.00000E+00
 1876.   4.39131E-04  4.60105E-07  4.22146E-07  0.00000E+00  0.00000E+00  0.00000E+00  0.00000E+00  0.00000E+00  0.00000E+00
 1877.   4.39701E-04  4.60935E-07  4.22260E-07  0.00000E+00  0.00000E+00  0.00000E+00  0.00000E+00  0.00000E+00  0.00000E+00
 1878.   4.40309E-04  4.61766E-07  4.22412E-07  0.00000E+00  0.00000E+00  0.00000E+00  0.00000E+00  0.00000E+00  0.00000E+00
 1879.   4.40954E-04  4.62597E-07  4.22564E-07  0.00000E+00  0.00000E+00  0.00000E+00  0.00000E+00  0.00000E+00  0.00000E+00
 1880.   4.41676E-04  4.63566E-07  4.22716E-07  0.00000E+00  0.00000E+00  0.00000E+00  0.00000E+00  0.00000E+00  0.00000E+00
 1881.   4.42436E-04  4.64674E-07  4.22868E-07  0.00000E+00  0.00000E+00  0.00000E+00  0.00000E+00  0.00000E+00  0.00000E+00
 1882.   4.43158E-04  4.65782E-07  4.23020E-07  0.00000E+00  0.00000E+00  0.00000E+00  0.00000E+00  0.00000E+00  0.00000E+00
 1883.   4.43841E-04  4.66889E-07  4.23172E-07  0.00000E+00  0.00000E+00  0.00000E+00  0.00000E+00  0.00000E+00  0.00000E+00
 1884.   4.44525E-04  4.67858E-07  4.23324E-07  0.00000E+00  0.00000E+00  0.00000E+00  0.00000E+00  0.00000E+00  0.00000E+00
 1885.   4.45133E-04  4.68689E-07  4.23476E-07  0.00000E+00  0.00000E+00  0.00000E+00  0.00000E+00  0.00000E+00  0.00000E+00
 1886.   4.45626E-04  4.69658E-07  4.23628E-07  0.00000E+00  0.00000E+00  0.00000E+00  0.00000E+00  0.00000E+00  0.00000E+00
 1887.   4.46044E-04  4.70766E-07  4.23742E-07  0.00000E+00  0.00000E+00  0.00000E+00  0.00000E+00  0.00000E+00  0.00000E+00
 1888.   4.46386E-04  4.71874E-07  4.23818E-07  0.00000E+00  0.00000E+00  0.00000E+00  0.00000E+00  0.00000E+00  0.00000E+00
 1889.   4.46690E-04  4.72981E-07  4.23931E-07  0.00000E+00  0.00000E+00  0.00000E+00  0.00000E+00  0.00000E+00  0.00000E+00
 1890.   4.46956E-04  4.74089E-07  4.24083E-07  0.00000E+00  0.00000E+00  0.00000E+00  0.00000E+00  0.00000E+00  0.00000E+00
 1891.   4.47184E-04  4.75335E-07  4.24235E-07  0.00000E+00  0.00000E+00  0.00000E+00  0.00000E+00  0.00000E+00  0.00000E+00
 1892.   4.47412E-04  4.76720E-07  4.24387E-07  0.00000E+00  0.00000E+00  0.00000E+00  0.00000E+00  0.00000E+00  0.00000E+00
 1893.   4.47602E-04  4.77966E-07  4.24501E-07  0.00000E+00  0.00000E+00  0.00000E+00  0.00000E+00  0.00000E+00  0.00000E+00
 1894.   4.47754E-04  4.79074E-07  4.24577E-07  0.00000E+00  0.00000E+00  0.00000E+00  0.00000E+00  0.00000E+00  0.00000E+00
 1895.   4.47905E-04  4.80320E-07  4.24653E-07  0.00000E+00  0.00000E+00  0.00000E+00  0.00000E+00  0.00000E+00  0.00000E+00
 1896.   4.48057E-04  4.81704E-07  4.24729E-07  0.00000E+00  0.00000E+00  0.00000E+00  0.00000E+00  0.00000E+00  0.00000E+00
 1897.   4.48247E-04  4.82951E-07  4.24843E-07  0.00000E+00  0.00000E+00  0.00000E+00  0.00000E+00  0.00000E+00  0.00000E+00
 1898.   4.48551E-04  4.84197E-07  4.24957E-07  0.00000E+00  0.00000E+00  0.00000E+00  0.00000E+00  0.00000E+00  0.00000E+00
 1899.   4.48969E-04  4.85581E-07  4.25033E-07  0.00000E+00  0.00000E+00  0.00000E+00  0.00000E+00  0.00000E+00  0.00000E+00
 1900.   4.49425E-04  4.87104E-07  4.25147E-07  0.00000E+00  0.00000E+00  0.00000E+00  0.00000E+00  0.00000E+00  0.00000E+00
 1901.   4.49919E-04  4.89043E-07  4.25299E-07  0.00000E+00  0.00000E+00  0.00000E+00  0.00000E+00  0.00000E+00  0.00000E+00
 1902.   4.50450E-04  4.91258E-07  4.25451E-07  0.00000E+00  0.00000E+00  0.00000E+00  0.00000E+00  0.00000E+00  0.00000E+00
 1903.   4.50982E-04  4.93612E-07  4.25603E-07  0.00000E+00  0.00000E+00  0.00000E+00  0.00000E+00  0.00000E+00  0.00000E+00
 1904.   4.51552E-04  4.96104E-07  4.25755E-07  0.00000E+00  0.00000E+00  0.00000E+00  0.00000E+00  0.00000E+00  0.00000E+00
 1905.   4.52198E-04  4.98597E-07  4.25907E-07  0.00000E+00  0.00000E+00  0.00000E+00  0.00000E+00  0.00000E+00  0.00000E+00
 1906.   4.52881E-04  5.01089E-07  4.26059E-07  0.00000E+00  0.00000E+00  0.00000E+00  0.00000E+00  0.00000E+00  0.00000E+00
 1907.   4.53527E-04  5.03581E-07  4.26249E-07  0.00000E+00  0.00000E+00  0.00000E+00  0.00000E+00  0.00000E+00  0.00000E+00
 1908.   4.54135E-04  5.06212E-07  4.26477E-07  0.00000E+00  0.00000E+00  0.00000E+00  0.00000E+00  0.00000E+00  0.00000E+00
 1909.   4.54743E-04  5.08981E-07  4.26705E-07  0.00000E+00  0.00000E+00  0.00000E+00  0.00000E+00  0.00000E+00  0.00000E+00
 1910.   4.55350E-04  5.11612E-07  4.26932E-07  0.00000E+00  0.00000E+00  0.00000E+00  0.00000E+00  0.00000E+00  0.00000E+00
 1911.   4.55920E-04  5.14104E-07  4.27160E-07  0.00000E+00  0.00000E+00  0.00000E+00  0.00000E+00  0.00000E+00  0.00000E+00
 1912.   4.56452E-04  5.16735E-07  4.27426E-07  0.00000E+00  0.00000E+00  0.00000E+00  0.00000E+00  0.00000E+00  0.00000E+00
 1913.   4.56984E-04  5.19643E-07  4.27692E-07  0.00000E+00  0.00000E+00  0.00000E+00  0.00000E+00  0.00000E+00  0.00000E+00
 1914.   4.57477E-04  5.22689E-07  4.27920E-07  0.00000E+00  0.00000E+00  0.00000E+00  0.00000E+00  0.00000E+00  0.00000E+00
 1915.   4.57933E-04  5.25735E-07  4.28186E-07  0.00000E+00  0.00000E+00  0.00000E+00  0.00000E+00  0.00000E+00  0.00000E+00
 1916.   4.58427E-04  5.28781E-07  4.28490E-07  0.00000E+00  0.00000E+00  0.00000E+00  0.00000E+00  0.00000E+00  0.00000E+00
 1917.   4.58959E-04  5.31827E-07  4.28832E-07  0.00000E+00  0.00000E+00  0.00000E+00  0.00000E+00  0.00000E+00  0.00000E+00
 1918.   4.59453E-04  5.35012E-07  4.29212E-07  0.00000E+00  0.00000E+00  0.00000E+00  0.00000E+00  0.00000E+00  0.00000E+00
 1919.   4.59908E-04  5.38335E-07  4.29554E-07  0.00000E+00  0.00000E+00  0.00000E+00  0.00000E+00  0.00000E+00  0.00000E+00
 1920.   4.60402E-04  5.41519E-07  4.29895E-07  0.00000E+00  0.00000E+00  0.00000E+00  0.00000E+00  0.00000E+00  0.00000E+00
 1921.   4.60972E-04  5.44566E-07  4.30275E-07  0.00000E+00  0.00000E+00  0.00000E+00  0.00000E+00  0.00000E+00  0.00000E+00
 1922.   4.61542E-04  5.47750E-07  4.30617E-07  0.00000E+00  0.00000E+00  0.00000E+00  0.00000E+00  0.00000E+00  0.00000E+00
 1923.   4.62073E-04  5.51073E-07  4.30921E-07  0.00000E+00  0.00000E+00  0.00000E+00  0.00000E+00  0.00000E+00  0.00000E+00
 1924.   4.62681E-04  5.54396E-07  4.31225E-07  0.00000E+00  0.00000E+00  0.00000E+00  0.00000E+00  0.00000E+00  0.00000E+00
 1925.   4.63365E-04  5.57719E-07  4.31529E-07  0.00000E+00  0.00000E+00  0.00000E+00  0.00000E+00  0.00000E+00  0.00000E+00
 1926.   4.64011E-04  5.61042E-07  4.31871E-07  0.00000E+00  0.00000E+00  0.00000E+00  0.00000E+00  0.00000E+00  0.00000E+00
 1927.   4.64656E-04  5.64365E-07  4.32213E-07  0.00000E+00  0.00000E+00  0.00000E+00  0.00000E+00  0.00000E+00  0.00000E+00
 1928.   4.65378E-04  5.67689E-07  4.32478E-07  0.00000E+00  0.00000E+00  0.00000E+00  0.00000E+00  0.00000E+00  0.00000E+00
 1929.   4.66100E-04  5.70873E-07  4.32744E-07  0.00000E+00  0.00000E+00  0.00000E+00  0.00000E+00  0.00000E+00  0.00000E+00
 1930.   4.66783E-04  5.73919E-07  4.33010E-07  0.00000E+00  0.00000E+00  0.00000E+00  0.00000E+00  0.00000E+00  0.00000E+00
 1931.   4.67505E-04  5.76965E-07  4.33238E-07  0.00000E+00  0.00000E+00  0.00000E+00  0.00000E+00  0.00000E+00  0.00000E+00
 1932.   4.68227E-04  5.80012E-07  4.33504E-07  0.00000E+00  1.01249E-14  0.00000E+00  0.00000E+00  0.00000E+00  0.00000E+00
 1933.   4.68873E-04  5.83058E-07  4.33808E-07  0.00000E+00  3.02744E-14  0.00000E+00  0.00000E+00  0.00000E+00  0.00000E+00
 1934.   4.69480E-04  5.85965E-07  4.34112E-07  0.00000E+00  5.02257E-14  0.00000E+00  0.00000E+00  0.00000E+00  0.00000E+00
 1935.   4.70088E-04  5.88735E-07  4.34416E-07  0.00000E+00  8.01056E-14  0.00000E+00  0.00000E+00  0.00000E+00  0.00000E+00
 1936.   4.70620E-04  5.91504E-07  4.34720E-07  0.00000E+00  1.29926E-13  0.00000E+00  0.00000E+00  0.00000E+00  0.00000E+00
 1937.   4.71000E-04  5.94273E-07  4.34986E-07  0.00000E+00  2.09635E-13  0.00000E+00  0.00000E+00  0.00000E+00  0.00000E+00
 1938.   4.71266E-04  5.97042E-07  4.35214E-07  0.00000E+00  3.39082E-13  0.00000E+00  1.59558E-14  0.00000E+00  0.00000E+00
 1939.   4.71455E-04  5.99811E-07  4.35441E-07  1.67052E-14  5.38281E-13  0.00000E+00  6.31515E-14  0.00000E+00  0.00000E+00
 1940.   4.71569E-04  6.02719E-07  4.35669E-07  4.97361E-14  8.26729E-13  0.00000E+00  1.40288E-13  0.00000E+00  0.00000E+00
 1941.   4.71569E-04  6.05765E-07  4.35935E-07  8.20438E-14  1.22350E-12  0.00000E+00  2.46083E-13  0.00000E+00  0.00000E+00
 1942.   4.71455E-04  6.08673E-07  4.36239E-07  1.13652E-13  1.74801E-12  0.00000E+00  3.79416E-13  0.00000E+00  0.00000E+00
 1943.   4.71304E-04  6.11442E-07  4.36543E-07  1.44573E-13  2.40901E-12  0.00000E+00  5.39123E-13  0.00000E+00  0.00000E+00
 1944.   4.71190E-04  6.14350E-07  4.36885E-07  1.91522E-13  3.21529E-12  0.00000E+00  7.24055E-13  0.00000E+00  0.00000E+00
 1945.   4.71152E-04  6.17396E-07  4.37265E-07  2.54122E-13  4.25595E-12  0.00000E+00  9.33167E-13  0.00000E+00  0.00000E+00
 1946.   4.71190E-04  6.20580E-07  4.37645E-07  3.32040E-13  5.64162E-12  1.94809E-13  1.16556E-12  0.00000E+00  0.00000E+00
 1947.   4.71304E-04  6.24042E-07  4.38025E-07  4.75000E-13  7.80393E-12  8.25521E-13  1.42020E-12  0.00000E+00  0.00000E+00
 1948.   4.71493E-04  6.27642E-07  4.38404E-07  7.82024E-13  1.12895E-11  1.78993E-12  1.69603E-12  0.00000E+00  0.00000E+00
 1949.   4.71759E-04  6.31380E-07  4.38784E-07  1.36629E-12  1.58437E-11  2.93782E-12  1.99231E-12  0.00000E+00  0.00000E+00
 1950.   4.72139E-04  6.35396E-07  4.39126E-07  2.35508E-12  2.08905E-11  4.21833E-12  2.30814E-12  0.00000E+00  0.00000E+00
 1951.   4.72671E-04  6.39688E-07  4.39430E-07  3.85653E-12  2.63568E-11  5.67414E-12  2.65487E-12  0.00000E+00  0.00000E+00
 1952.   4.73279E-04  6.44396E-07  4.39772E-07  5.53677E-12  3.26079E-11  6.62733E-12  2.79861E-12  0.00000E+00  0.00000E+00
 1953.   4.73924E-04  6.49519E-07  4.40152E-07  7.47879E-12  3.94955E-11  6.97017E-12  2.75234E-12  0.00000E+00  0.00000E+00
 1954.   4.74684E-04  6.54780E-07  4.40494E-07  1.01915E-11  4.69196E-11  7.36801E-12  2.78219E-12  0.00000E+00  0.00000E+00
 1955.   4.75558E-04  6.60180E-07  4.40836E-07  1.36866E-11  5.52683E-11  7.82730E-12  2.89712E-12  0.00000E+00  0.00000E+00
 1956.   4.76469E-04  6.65857E-07  4.41215E-07  1.79975E-11  6.46397E-11  8.36098E-12  3.15533E-12  0.00000E+00  0.00000E+00
 1957.   4.77419E-04  6.71811E-07  4.41557E-07  2.33374E-11  7.53678E-11  8.98845E-12  3.55236E-12  0.00000E+00  0.00000E+00
 1958.   4.78365E-04  6.77903E-07  4.41899E-07  2.95761E-11  8.77029E-11  9.71620E-12  4.04641E-12  0.00000E+00  0.00000E+00
 1959.   4.79356E-04  6.84134E-07  4.42317E-07  3.58384E-11  1.01082E-10  1.05474E-11  4.75539E-12  0.00000E+00  0.00000E+00
 1960.   4.80530E-04  6.90642E-07  4.42773E-07  4.18210E-11  1.15525E-10  1.15081E-11  5.69124E-12  0.00000E+00  0.00000E+00
 1961.   4.81749E-04  6.97426E-07  4.43191E-07  4.88255E-11  1.32264E-10  1.26175E-11  6.71665E-12  0.00000E+00  0.00000E+00
 1962.   4.82843E-04  7.04488E-07  4.43571E-07  5.80235E-11  1.51591E-10  1.38854E-11  7.89878E-12  0.00000E+00  0.00000E+00
 1963.   4.83758E-04  7.11688E-07  4.44026E-07  6.97846E-11  1.73590E-10  1.53344E-11  9.38093E-12  0.00000E+00  0.00000E+00
 1964.   4.84560E-04  7.19026E-07  4.44596E-07  8.43913E-11  1.99262E-10  1.70033E-11  1.12452E-11  0.00000E+00  0.00000E+00
 1965.   4.85658E-04  7.26641E-07  4.45204E-07  1.01938E-10  2.29297E-10  1.89246E-11  1.34841E-11  0.00000E+00  0.00000E+00
 1966.   4.87177E-04  7.34395E-07  4.45812E-07  1.22236E-10  2.63631E-10  2.11305E-11  1.61588E-11  0.00000E+00  0.00000E+00
 1967.   4.88632E-04  7.42287E-07  4.46420E-07  1.44999E-10  3.02181E-10  2.36663E-11  1.93992E-11  0.00000E+00  0.00000E+00
 1968.   4.90197E-04  7.50457E-07  4.47065E-07  1.70514E-10  3.45510E-10  2.65772E-11  2.33157E-11  0.00000E+00  0.00000E+00
 1969.   4.92122E-04  7.58903E-07  4.47787E-07  1.99419E-10  3.94204E-10  2.99151E-11  2.80935E-11  0.00000E+00  0.00000E+00
 1970.   4.93767E-04  7.67487E-07  4.48547E-07  2.32615E-10  4.48533E-10  3.37447E-11  3.34639E-11  0.00000E+00  0.00000E+00
 1971.   4.95089E-04  7.76072E-07  4.49307E-07  2.70626E-10  5.08435E-10  3.81370E-11  3.91506E-11  6.04955E-15  0.00000E+00
 1972.   4.97041E-04  7.84795E-07  4.50104E-07  3.12833E-10  5.73137E-10  4.31730E-11  4.52105E-11  1.81487E-14  0.00000E+00
 1973.   4.99377E-04  7.93656E-07  4.50978E-07  3.59641E-10  6.43057E-10  4.89594E-11  5.19123E-11  3.02478E-14  0.00000E+00
 1974.   5.00996E-04  8.02518E-07  4.51890E-07  4.12780E-10  7.19865E-10  5.55997E-11  5.95095E-11  4.23469E-14  0.00000E+00
 1975.   5.02276E-04  8.11379E-07  4.52801E-07  4.72155E-10  8.03978E-10  6.32103E-11  6.72859E-11  5.44460E-14  0.00000E+00
 1976.   5.04042E-04  8.20241E-07  4.53789E-07  5.32573E-10  8.89761E-10  7.19335E-11  7.53011E-11  6.65451E-14  0.00000E+00
 1977.   5.06359E-04  8.29241E-07  4.54868E-07  5.91379E-10  9.72204E-10  8.19602E-11  8.42716E-11  7.86442E-14  0.00000E+00
 1978.   5.08752E-04  8.38379E-07  4.55966E-07  6.48288E-10  1.05152E-09  9.34424E-11  9.40630E-11  9.07433E-14  0.00000E+00
 1979.   5.11301E-04  8.47517E-07  4.56965E-07  7.05671E-10  1.12916E-09  1.06574E-10  1.04436E-10  1.02842E-13  0.00000E+00
 1980.   5.14089E-04  8.57210E-07  4.57941E-07  7.55941E-10  1.19950E-09  1.21647E-10  1.15347E-10  1.14942E-13  0.00000E+00
 1981.   5.16166E-04  8.67733E-07  4.59214E-07  7.99334E-10  1.27004E-09  1.38918E-10  1.26691E-10  1.20991E-13  0.00000E+00
 1982.   5.17784E-04  8.78533E-07  4.60547E-07  8.43439E-10  1.34289E-09  1.58163E-10  1.37826E-10  1.26170E-13  0.00000E+00
 1983.   5.19919E-04  8.89385E-07  4.61622E-07  8.81141E-10  1.41155E-09  1.78572E-10  1.49259E-10  1.37151E-13  0.00000E+00
 1984.   5.22327E-04  8.99277E-07  4.62522E-07  9.18843E-10  1.48189E-09  2.00437E-10  1.61707E-10  1.48546E-13  0.00000E+00
 1985.   5.24606E-04  9.07190E-07  4.63571E-07  9.61999E-10  1.55494E-09  2.29191E-10  1.74528E-10  1.53518E-13  0.00000E+00
 1986.   5.26908E-04  9.14081E-07  4.64611E-07  1.00587E-09  1.62716E-09  2.58430E-10  1.87619E-10  1.41502E-13  0.00000E+00
 1987.   5.29715E-04  9.20597E-07  4.65356E-07  1.05661E-09  1.70585E-09  2.86473E-10  2.01246E-10  1.36115E-13  0.00000E+00
 1988.   5.32894E-04  9.26617E-07  4.66773E-07  1.11399E-09  1.78850E-09  3.26870E-10  2.16246E-10  1.59112E-13  0.00000E+00
 1989.   5.35553E-04  9.32377E-07  4.68767E-07  1.16142E-09  1.87115E-09  3.74675E-10  2.33471E-10  1.92881E-13  0.00000E+00
 1990.   5.37631E-04  9.38004E-07  4.70252E-07  1.19865E-09  1.94587E-09  4.17143E-10  2.51666E-10  2.26651E-13  1.05673E-13
 1991.   5.39397E-04  9.43646E-07  4.71206E-07  1.23374E-09  2.00911E-09  4.54759E-10  2.69980E-10  2.59799E-13  3.17020E-13
 1992.   5.40715E-04  9.48068E-07  4.71950E-07  1.25650E-09  2.06380E-09  4.91373E-10  2.88712E-10  2.92119E-13  6.51652E-13
 1993.   5.42071E-04  9.50554E-07  4.72672E-07  1.26978E-09  2.10721E-09  5.19027E-10  3.04906E-10  3.34590E-13  1.32092E-12
 1994.   5.44122E-04  9.53170E-07  4.73470E-07  1.27808E-09  2.14186E-09  5.32677E-10  3.18220E-10  3.95914E-13  2.64183E-12
 1995.   5.46720E-04  9.56126E-07  4.74522E-07  1.27808E-09  2.16878E-09  5.39889E-10  3.29713E-10  6.22773E-13  5.79442E-12
 1996.   5.49189E-04  9.58153E-07  4.75666E-07  1.27547E-09  2.19174E-09  5.42348E-10  3.45833E-10  1.12600E-12  1.11133E-11
 1997.   5.51761E-04  9.60816E-07  4.76748E-07  1.27192E-09  2.20885E-09  5.41313E-10  3.64043E-10  1.78607E-12  1.82110E-11
 1998.   5.55054E-04  9.65187E-07  4.77922E-07  1.26599E-09  2.22242E-09  5.39825E-10  3.77177E-10  2.68273E-12  2.71580E-11
 1999.   5.58131E-04  9.68805E-07  4.79024E-07  1.25769E-09  2.23306E-09  5.37011E-10  3.93148E-10  3.96184E-12  3.76197E-11
 2000.   5.60436E-04  9.69791E-07  4.79924E-07  1.24939E-09  2.24183E-09  5.33776E-10  4.10164E-10  5.50282E-12  4.91909E-11
 2001.   5.62871E-04  9.69616E-07  4.80893E-07  1.24204E-09  2.24934E-09  5.30898E-10  4.23746E-10  7.13682E-12  6.16780E-11
 2002.   5.65993E-04  9.70436E-07  4.82044E-07  1.23350E-09  2.25394E-09  5.27825E-10  4.40165E-10  8.83836E-12  7.52570E-11
 2003.   5.69393E-04  9.71861E-07  4.83217E-07  1.22331E-09  2.25435E-09  5.23523E-10  4.56583E-10  1.07871E-11  8.96110E-11
 2004.   5.72511E-04  9.72030E-07  4.84270E-07  1.21430E-09  2.25373E-09  5.18283E-10  4.70016E-10  1.29297E-11  1.04881E-10
 2005.   5.75550E-04  9.71293E-07  4.85379E-07  1.20505E-09  2.25164E-09  5.13044E-10  4.84345E-10  1.50252E-11  1.21031E-10
 2006.   5.78612E-04  9.71724E-07  4.86533E-07  1.19177E-09  2.24371E-09  5.07675E-10  5.00615E-10  1.71647E-11  1.36688E-10
 2007.   5.81574E-04  9.73255E-07  4.87581E-07  1.17588E-09  2.23202E-09  5.01950E-10  5.19123E-10  1.94271E-11  1.52046E-10
 2008.   5.84647E-04  9.74980E-07  4.88631E-07  1.15999E-09  2.21992E-09  4.96289E-10  5.38825E-10  2.17519E-11  1.67200E-10
 2009.   5.87916E-04  9.76854E-07  4.89683E-07  1.14306E-09  2.20630E-09  4.90463E-10  5.58887E-10  2.41341E-11  1.81754E-10
 2010.   5.91223E-04  9.78694E-07  4.90737E-07  1.12530E-09  2.19129E-09  4.84515E-10  5.79151E-10  2.65688E-11  1.96156E-10
 2011.   5.94483E-04  9.80506E-07  4.91793E-07  1.10754E-09  2.17569E-09  4.78564E-10  6.00228E-10  2.90539E-11  2.10416E-10
 2012.   5.97746E-04  9.82314E-07  4.92851E-07  1.08979E-09  2.15949E-09  4.72605E-10  6.21994E-10  3.16638E-11  2.24576E-10
 2013.   6.01030E-04  9.84132E-07  4.93912E-07  1.07209E-09  2.14279E-09  4.66672E-10  6.44341E-10  3.44701E-11  2.38674E-10
 2014.   6.04344E-04  9.85975E-07  4.94974E-07  1.05448E-09  2.12565E-09  4.60783E-10  6.67180E-10  3.74663E-11  2.52717E-10
 2015.   6.07690E-04  9.87863E-07  4.96040E-07  1.03698E-09  2.10815E-09  4.54951E-10  6.90438E-10  4.06461E-11  2.66712E-10
 2016.   6.11060E-04  9.89794E-07  4.97107E-07  1.01960E-09  2.09033E-09  4.49179E-10  7.14045E-10  4.40034E-11  2.80664E-10
 2017.   6.14443E-04  9.91753E-07  4.98177E-07  1.00234E-09  2.07224E-09  4.43466E-10  7.37806E-10  4.75319E-11  2.94573E-10
 2018.   6.17834E-04  9.93729E-07  4.99249E-07  9.85195E-10  2.05390E-09  4.37811E-10  7.61437E-10  5.12257E-11  3.08442E-10
 2019.   6.21236E-04  9.95716E-07  5.00323E-07  9.68170E-10  2.03535E-09  4.32211E-10  7.84713E-10  5.50790E-11  3.22271E-10
 2020.   6.24650E-04  9.97710E-07  5.01399E-07  9.51267E-10  2.01661E-09  4.26667E-10  8.07459E-10  5.90864E-11  3.36063E-10
 2021.   6.28067E-04  9.99669E-07  5.02478E-07  9.34452E-10  1.99767E-09  4.21168E-10  8.29513E-10  6.32415E-11  3.49810E-10
 2022.   6.31503E-04  1.00152E-06  5.03558E-07  9.17707E-10  1.97855E-09  4.15708E-10  8.50782E-10  6.74015E-11  3.63240E-10
 2023.   6.34992E-04  1.00323E-06  5.04639E-07  9.01068E-10  1.95928E-09  4.10294E-10  8.71236E-10  7.14293E-11  3.76114E-10
 2024.   6.38545E-04  1.00485E-06  5.05722E-07  8.84560E-10  1.93993E-09  4.04930E-10  8.90836E-10  7.53299E-11  3.88473E-10
 2025.   6.42164E-04  1.00640E-06  5.06805E-07  8.68208E-10  1.92051E-09  3.99621E-10  9.09564E-10  7.91081E-11  4.00360E-10
 2026.   6.45847E-04  1.00790E-06  5.07890E-07  8.52037E-10  1.90108E-09  3.94370E-10  9.27417E-10  8.27688E-11  4.11813E-10
 2027.   6.49581E-04  1.00936E-06  5.08976E-07  8.36054E-10  1.88166E-09  3.89180E-10  9.44394E-10  8.63162E-11  4.22864E-10
 2028.   6.53353E-04  1.01079E-06  5.10063E-07  8.20251E-10  1.86224E-09  3.84045E-10  9.60490E-10  8.97540E-11  4.33539E-10
 2029.   6.57156E-04  1.01216E-06  5.11151E-07  8.04624E-10  1.84284E-09  3.78965E-10  9.75714E-10  9.30856E-11  4.43860E-10
 2030.   6.60989E-04  1.01348E-06  5.12240E-07  7.89173E-10  1.82347E-09  3.73939E-10  9.90081E-10  9.63148E-11  4.53852E-10
 2031.   6.64852E-04  1.01476E-06  5.13330E-07  7.73899E-10  1.80414E-09  3.68964E-10  1.00361E-09  9.94448E-11  4.63536E-10
 2032.   6.68715E-04  1.01589E-06  5.14418E-07  7.58769E-10  1.78482E-09  3.64033E-10  1.01568E-09  1.02469E-10  4.72941E-10
 2033.   6.72564E-04  1.01681E-06  5.15500E-07  7.43768E-10  1.76550E-09  3.59140E-10  1.02518E-09  1.05380E-10  4.82093E-10
 2034.   6.76427E-04  1.01756E-06  5.16576E-07  7.28921E-10  1.74622E-09  3.54289E-10  1.03129E-09  1.08182E-10  4.91018E-10
 2035.   6.80321E-04  1.01817E-06  5.17646E-07  7.14248E-10  1.72699E-09  3.49487E-10  1.03341E-09  1.10881E-10  4.99735E-10
 2036.   6.84249E-04  1.01869E-06  5.18710E-07  6.99768E-10  1.70785E-09  3.44735E-10  1.03109E-09  1.13479E-10  5.08265E-10
 2037.   6.88212E-04  1.01913E-06  5.19768E-07  6.85500E-10  1.68883E-09  3.40039E-10  1.02402E-09  1.15982E-10  5.16627E-10
 2038.   6.92197E-04  1.01951E-06  5.20820E-07  6.71446E-10  1.66992E-09  3.35399E-10  1.01199E-09  1.18393E-10  5.24835E-10
 2039.   6.96191E-04  1.01982E-06  5.21867E-07  6.57598E-10  1.65113E-09  3.30812E-10  9.94870E-10  1.20713E-10  5.32894E-10
 2040.   7.00187E-04  1.02007E-06  5.22908E-07  6.43952E-10  1.63246E-09  3.26277E-10  9.72621E-10  1.22947E-10  5.40812E-10
 2041.   7.04183E-04  1.02025E-06  5.23943E-07  6.30506E-10  1.61390E-09  3.21792E-10  9.45259E-10  1.25096E-10  5.48595E-10
 2042.   7.08161E-04  1.02031E-06  5.24969E-07  6.17258E-10  1.59546E-09  3.17357E-10  9.13465E-10  1.27160E-10  5.56273E-10
 2043.   7.12088E-04  1.02017E-06  5.25983E-07  6.04183E-10  1.57712E-09  3.12964E-10  8.78419E-10  1.29137E-10  5.63854E-10
 2044.   7.15971E-04  1.01982E-06  5.26984E-07  5.91264E-10  1.55886E-09  3.08608E-10  8.41111E-10  1.31028E-10  5.71333E-10
 2045.   7.19840E-04  1.01930E-06  5.27973E-07  5.78521E-10  1.54069E-09  3.04294E-10  8.02396E-10  1.32837E-10  5.78722E-10
 2046.   7.23711E-04  1.01864E-06  5.28950E-07  5.65969E-10  1.52265E-09  3.00025E-10  7.62968E-10  1.34567E-10  5.86035E-10
 2047.   7.27589E-04  1.01789E-06  5.29915E-07  5.53621E-10  1.50474E-09  2.95806E-10  7.23394E-10  1.36221E-10  5.93283E-10
 2048.   7.31475E-04  1.01707E-06  5.30867E-07  5.41489E-10  1.48699E-09  2.91639E-10  6.84128E-10  1.37804E-10  6.00478E-10
 2049.   7.35357E-04  1.01619E-06  5.31808E-07  5.29575E-10  1.46941E-09  2.87525E-10  6.45522E-10  1.39318E-10  6.07625E-10
 2050.   7.39219E-04  1.01525E-06  5.32737E-07  5.17869E-10  1.45198E-09  2.83461E-10  6.07844E-10  1.40764E-10  6.14721E-10
 2051.   7.43056E-04  1.01424E-06  5.33654E-07  5.06368E-10  1.43470E-09  2.79446E-10  5.71299E-10  1.42144E-10  6.21766E-10
 2052.   7.46816E-04  1.01309E-06  5.34560E-07  4.95069E-10  1.41757E-09  2.75480E-10  5.36040E-10  1.43422E-10  6.28431E-10
 2053.   7.50457E-04  1.01175E-06  5.35454E-07  4.83970E-10  1.40060E-09  2.71561E-10  5.02175E-10  1.44562E-10  6.34409E-10
 2054.   7.53970E-04  1.01017E-06  5.36338E-07  4.73049E-10  1.38375E-09  2.67684E-10  4.69762E-10  1.45565E-10  6.39727E-10
 2055.   7.57359E-04  1.00836E-06  5.37212E-07  4.62293E-10  1.36702E-09  2.63843E-10  4.38840E-10  1.46436E-10  6.44413E-10
 2056.   7.60657E-04  1.00636E-06  5.38074E-07  4.51716E-10  1.35041E-09  2.60044E-10  4.09442E-10  1.47180E-10  6.48522E-10
 2057.   7.63882E-04  1.00421E-06  5.38926E-07  4.41327E-10  1.33395E-09  2.56289E-10  3.81579E-10  1.47801E-10  6.52100E-10
 2058.   7.67042E-04  1.00195E-06  5.39768E-07  4.31136E-10  1.31764E-09  2.52581E-10  3.55242E-10  1.48305E-10  6.55192E-10
 2059.   7.70136E-04  9.99610E-07  5.40599E-07  4.21150E-10  1.30151E-09  2.48924E-10  3.30410E-10  1.48697E-10  6.57841E-10
 2060.   7.73156E-04  9.97200E-07  5.41420E-07  4.11370E-10  1.28556E-09  2.45316E-10  3.07045E-10  1.48980E-10  6.60079E-10
 2061.   7.76084E-04  9.94717E-07  5.42231E-07  4.01787E-10  1.26978E-09  2.41756E-10  2.85096E-10  1.49159E-10  6.61930E-10
 2062.   7.78892E-04  9.92120E-07  5.43031E-07  3.92397E-10  1.25416E-09  2.38243E-10  2.64508E-10  1.49258E-10  6.63648E-10
 2063.   7.81558E-04  9.89374E-07  5.43819E-07  3.83195E-10  1.23871E-09  2.34776E-10  2.45222E-10  1.49302E-10  6.65474E-10
 2064.   7.84085E-04  9.86492E-07  5.44595E-07  3.74178E-10  1.22342E-09  2.31354E-10  2.27180E-10  1.49292E-10  6.67396E-10
 2065.   7.86461E-04  9.83444E-07  5.45359E-07  3.65329E-10  1.20826E-09  2.27972E-10  2.10317E-10  1.49228E-10  6.69388E-10
 2066.   7.88691E-04  9.80219E-07  5.46111E-07  3.56634E-10  1.19323E-09  2.24626E-10  1.94571E-10  1.49110E-10  6.71426E-10
 2067.   7.90806E-04  9.76860E-07  5.46851E-07  3.48104E-10  1.17833E-09  2.21318E-10  1.79887E-10  1.48941E-10  6.73520E-10
 2068.   7.92826E-04  9.73403E-07  5.47580E-07  3.39746E-10  1.16358E-09  2.18053E-10  1.66213E-10  1.48725E-10  6.75671E-10
 2069.   7.94757E-04  9.69876E-07  5.48298E-07  3.31565E-10  1.14900E-09  2.14831E-10  1.53495E-10  1.48462E-10  6.77885E-10
 2070.   7.96600E-04  9.66310E-07  5.49004E-07  3.23566E-10  1.13459E-09  2.11656E-10  1.41678E-10  1.48158E-10  6.80167E-10
 2071.   7.98346E-04  9.62715E-07  5.49699E-07  3.15748E-10  1.12035E-09  2.08527E-10  1.30709E-10  1.47812E-10  6.82513E-10
 2072.   7.99953E-04  9.59042E-07  5.50382E-07  3.08104E-10  1.10629E-09  2.05442E-10  1.20533E-10  1.47443E-10  6.85184E-10
 2073.   8.01394E-04  9.55249E-07  5.51052E-07  3.00629E-10  1.09238E-09  2.02402E-10  1.11097E-10  1.47069E-10  6.88421E-10
 2074.   8.02668E-04  9.51347E-07  5.51709E-07  2.93319E-10  1.07864E-09  1.99403E-10  1.02353E-10  1.46690E-10  6.92180E-10
 2075.   8.03779E-04  9.47344E-07  5.52352E-07  2.86170E-10  1.06506E-09  1.96447E-10  9.42562E-11  1.46306E-10  6.96420E-10
 2076.   8.04714E-04  9.43211E-07  5.52984E-07  2.79168E-10  1.05161E-09  1.93527E-10  8.67599E-11  1.45914E-10  7.01084E-10
 2077.   8.05477E-04  9.38936E-07  5.53602E-07  2.72303E-10  1.03829E-09  1.90641E-10  7.98222E-11  1.45514E-10  7.06122E-10
 2078.   8.06098E-04  9.34568E-07  5.54208E-07  2.65581E-10  1.02510E-09  1.87791E-10  7.34079E-11  1.45107E-10  7.11525E-10
 2079.   8.06599E-04  9.30207E-07  5.54801E-07  2.59007E-10  1.01206E-09  1.84980E-10  6.74863E-11  1.44698E-10  7.17308E-10
 2080.   8.06986E-04  9.25930E-07  5.55382E-07  2.52583E-10  9.99181E-10  1.82210E-10  6.20267E-11  1.44292E-10  7.23487E-10
 2081.   8.07262E-04  9.21751E-07  5.55951E-07  2.46315E-10  9.86466E-10  1.79481E-10  5.69964E-11  1.43890E-10  7.30044E-10
 2082.   8.07521E-04  9.17784E-07  5.56511E-07  2.40200E-10  9.73919E-10  1.76796E-10  5.23637E-11  1.43497E-10  7.37053E-10
 2083.   8.07844E-04  9.14114E-07  5.57065E-07  2.34232E-10  9.61535E-10  1.74151E-10  4.80978E-11  1.43115E-10  7.44572E-10
 2084.   8.08208E-04  9.10697E-07  5.57613E-07  2.28405E-10  9.49308E-10  1.71546E-10  4.41708E-11  1.42745E-10  7.52560E-10
 2085.   8.08607E-04  9.07502E-07  5.58156E-07  2.22717E-10  9.37233E-10  1.68980E-10  4.05567E-11  1.42386E-10  7.60981E-10
 2086.   8.09036E-04  9.04502E-07  5.58693E-07  2.17163E-10  9.25308E-10  1.66451E-10  3.72316E-11  1.42036E-10  7.69802E-10
 2087.   8.09475E-04  9.01637E-07  5.59224E-07  2.11731E-10  9.13513E-10  1.63956E-10  3.41720E-11  1.41695E-10  7.78971E-10
 2088.   8.09922E-04  8.98866E-07  5.59750E-07  2.06413E-10  9.01834E-10  1.61491E-10  3.13567E-11  1.41360E-10  7.88446E-10
 2089.   8.10405E-04  8.96203E-07  5.60271E-07  2.01212E-10  8.90282E-10  1.59058E-10  2.87677E-11  1.41032E-10  7.98218E-10
 2090.   8.10941E-04  8.93655E-07  5.60787E-07  1.96131E-10  8.78865E-10  1.56660E-10  2.63878E-11  1.40713E-10  8.08276E-10
 2091.   8.11534E-04  8.91227E-07  5.61297E-07  1.91172E-10  8.67591E-10  1.54297E-10  2.42013E-11  1.40402E-10  8.18610E-10
 2092.   8.12182E-04  8.88925E-07  5.61802E-07  1.86337E-10  8.56467E-10  1.51971E-10  2.21932E-11  1.40096E-10  8.29250E-10
 2093.   8.12872E-04  8.86738E-07  5.62301E-07  1.81623E-10  8.45494E-10  1.49682E-10  2.03495E-11  1.39790E-10  8.40210E-10
 2094.   8.13583E-04  8.84642E-07  5.62796E-07  1.77026E-10  8.34663E-10  1.47428E-10  1.86568E-11  1.39483E-10  8.51461E-10
 2095.   8.14305E-04  8.82620E-07  5.63285E-07  1.72541E-10  8.23970E-10  1.45207E-10  1.71028E-11  1.39175E-10  8.62976E-10
 2096.   8.15035E-04  8.80661E-07  5.63770E-07  1.68165E-10  8.13412E-10  1.43020E-10  1.56763E-11  1.38865E-10  8.74733E-10
 2097.   8.15771E-04  8.78755E-07  5.64249E-07  1.63894E-10  8.02987E-10  1.40865E-10  1.43672E-11  1.38554E-10  8.86712E-10
 2098.   8.16499E-04  8.76859E-07  5.64724E-07  1.59720E-10  7.92676E-10  1.38739E-10  1.31655E-11  1.38239E-10  8.98870E-10
 2099.   8.17217E-04  8.74948E-07  5.65193E-07  1.55636E-10  7.82467E-10  1.36638E-10  1.20624E-11  1.37920E-10  9.11174E-10
 2100.   8.17957E-04  8.73047E-07  5.65658E-07  1.51645E-10  7.72371E-10  1.34566E-10  1.10500E-11  1.37598E-10  9.23630E-10
 2101.   8.18736E-04  8.71175E-07  5.66118E-07  1.47748E-10  7.62394E-10  1.32523E-10  1.01214E-11  1.37274E-10  9.36238E-10
 2102.   8.19521E-04  8.69429E-07  5.66570E-07  1.43946E-10  7.52542E-10  1.30510E-10  9.26998E-12  1.36956E-10  9.48439E-10
 2103.   8.20274E-04  8.67901E-07  5.67010E-07  1.40242E-10  7.42823E-10  1.28529E-10  8.48976E-12  1.36649E-10  9.59716E-10
 2104.   8.20986E-04  8.66567E-07  5.67440E-07  1.36633E-10  7.33237E-10  1.26579E-10  7.77489E-12  1.36354E-10  9.70139E-10
 2105.   8.21639E-04  8.65395E-07  5.67858E-07  1.33116E-10  7.23777E-10  1.24660E-10  7.11992E-12  1.36070E-10  9.79765E-10
 2106.   8.22226E-04  8.64360E-07  5.68266E-07  1.29686E-10  7.14439E-10  1.22769E-10  6.51980E-12  1.35796E-10  9.88647E-10
 2107.   8.22745E-04  8.63443E-07  5.68662E-07  1.26342E-10  7.05220E-10  1.20907E-10  5.96995E-12  1.35532E-10  9.96838E-10
 2108.   8.23198E-04  8.62630E-07  5.69048E-07  1.23081E-10  6.96119E-10  1.19074E-10  5.46618E-12  1.35277E-10  1.00439E-09
 2109.   8.23570E-04  8.61872E-07  5.69422E-07  1.19896E-10  6.87120E-10  1.17264E-10  5.00451E-12  1.35029E-10  1.01131E-09
 2110.   8.23863E-04  8.61139E-07  5.69787E-07  1.16781E-10  6.78213E-10  1.15478E-10  4.58138E-12  1.34787E-10  1.01764E-09
 2111.   8.24109E-04  8.60452E-07  5.70140E-07  1.13739E-10  6.69406E-10  1.13715E-10  4.19373E-12  1.34551E-10  1.02343E-09
 2112.   8.24340E-04  8.59825E-07  5.70483E-07  1.10772E-10  6.60705E-10  1.11978E-10  3.83866E-12  1.34322E-10  1.02875E-09
 2113.   8.24572E-04  8.59267E-07  5.70816E-07  1.07880E-10  6.52116E-10  1.10268E-10  3.51346E-12  1.34102E-10  1.03363E-09
 2114.   8.24806E-04  8.58792E-07  5.71138E-07  1.05063E-10  6.43645E-10  1.08584E-10  3.21574E-12  1.33890E-10  1.03813E-09
 2115.   8.25028E-04  8.58392E-07  5.71451E-07  1.02321E-10  6.35291E-10  1.06928E-10  2.94328E-12  1.33687E-10  1.04228E-09
 2116.   8.25221E-04  8.58050E-07  5.71753E-07  9.96503E-11  6.27050E-10  1.05298E-10  2.69387E-12  1.33492E-10  1.04610E-09
 2117.   8.25373E-04  8.57752E-07  5.72045E-07  9.70477E-11  6.18917E-10  1.03693E-10  2.46553E-12  1.33304E-10  1.04960E-09
 2118.   8.25482E-04  8.57491E-07  5.72327E-07  9.45116E-11  6.10890E-10  1.02112E-10  2.25646E-12  1.33123E-10  1.05282E-09
 2119.   8.25548E-04  8.57260E-07  5.72599E-07  9.20400E-11  6.02967E-10  1.00556E-10  2.06511E-12  1.32949E-10  1.05575E-09
 2120.   8.25556E-04  8.57020E-07  5.72862E-07  8.96275E-11  5.95135E-10  9.90209E-11  1.88991E-12  1.32779E-10  1.05841E-09
 2121.   8.25506E-04  8.56749E-07  5.73115E-07  8.72702E-11  5.87384E-10  9.75054E-11  1.72935E-12  1.32612E-10  1.06079E-09
 2122.   8.25447E-04  8.56475E-07  5.73358E-07  8.49696E-11  5.79723E-10  9.60108E-11  1.58233E-12  1.32449E-10  1.06292E-09
 2123.   8.25413E-04  8.56215E-07  5.73592E-07  8.27263E-11  5.72156E-10  9.45381E-11  1.44783E-12  1.32291E-10  1.06484E-09
 2124.   8.25410E-04  8.55986E-07  5.73817E-07  8.05410E-11  5.64687E-10  9.30879E-11  1.32472E-12  1.32139E-10  1.06659E-09
 2125.   8.25437E-04  8.55803E-07  5.74032E-07  7.84140E-11  5.57323E-10  9.16612E-11  1.21204E-12  1.31993E-10  1.06818E-09
 2126.   8.25481E-04  8.55665E-07  5.74238E-07  7.63443E-11  5.50062E-10  9.02577E-11  1.10901E-12  1.31854E-10  1.06965E-09
 2127.   8.25521E-04  8.55557E-07  5.74435E-07  7.43293E-11  5.42899E-10  8.88766E-11  1.01468E-12  1.31720E-10  1.07098E-09
 2128.   8.25548E-04  8.55468E-07  5.74623E-07  7.23668E-11  5.35832E-10  8.75170E-11  9.28310E-13  1.31592E-10  1.07219E-09
 2129.   8.25558E-04  8.55393E-07  5.74802E-07  7.04554E-11  5.28858E-10  8.61785E-11  8.49311E-13  1.31468E-10  1.07327E-09
 2130.   8.25550E-04  8.55329E-07  5.74972E-07  6.85936E-11  5.21975E-10  8.48605E-11  7.77053E-13  1.31350E-10  1.07424E-09
 2131.   8.25510E-04  8.55240E-07  5.75134E-07  6.67772E-11  5.15173E-10  8.35608E-11  7.10936E-13  1.31233E-10  1.07507E-09
 2132.   8.25439E-04  8.55103E-07  5.75286E-07  6.50031E-11  5.08442E-10  8.22779E-11  6.50425E-13  1.31118E-10  1.07576E-09
 2133.   8.25371E-04  8.54949E-07  5.75430E-07  6.32725E-11  5.01789E-10  8.10127E-11  5.95060E-13  1.31005E-10  1.07632E-09
 2134.   8.25325E-04  8.54797E-07  5.75565E-07  6.15858E-11  4.95219E-10  7.97662E-11  5.44415E-13  1.30896E-10  1.07680E-09
 2135.   8.25308E-04  8.54664E-07  5.75692E-07  5.99433E-11  4.88735E-10  7.85389E-11  4.98000E-13  1.30790E-10  1.07721E-09
 2136.   8.25320E-04  8.54569E-07  5.75811E-07  5.83453E-11  4.82342E-10  7.73316E-11  4.55462E-13  1.30689E-10  1.07757E-09
 2137.   8.25348E-04  8.54509E-07  5.75921E-07  5.67909E-11  4.76039E-10  7.61442E-11  4.16567E-13  1.30594E-10  1.07788E-09
 2138.   8.25372E-04  8.54470E-07  5.76023E-07  5.52782E-11  4.69823E-10  7.49757E-11  3.80999E-13  1.30502E-10  1.07816E-09
 2139.   8.25383E-04  8.54444E-07  5.76117E-07  5.38055E-11  4.63690E-10  7.38256E-11  3.48471E-13  1.30415E-10  1.07838E-09
 2140.   8.25376E-04  8.54427E-07  5.76202E-07  5.23716E-11  4.57638E-10  7.26933E-11  3.18722E-13  1.30330E-10  1.07855E-09
 2141.   8.25353E-04  8.54414E-07  5.76280E-07  5.09755E-11  4.51666E-10  7.15786E-11  2.91513E-13  1.30249E-10  1.07868E-09
 2142.   8.25297E-04  8.54371E-07  5.76350E-07  4.96138E-11  4.45764E-10  7.04795E-11  2.66619E-13  1.30170E-10  1.07874E-09
 2143.   8.25209E-04  8.54277E-07  5.76411E-07  4.82844E-11  4.39925E-10  6.93946E-11  2.43837E-13  1.30090E-10  1.07870E-09
 2144.   8.25118E-04  8.54161E-07  5.76465E-07  4.69879E-11  4.34154E-10  6.83248E-11  2.22994E-13  1.30011E-10  1.07861E-09
 2145.   8.25046E-04  8.54045E-07  5.76512E-07  4.57247E-11  4.28455E-10  6.72709E-11  2.03930E-13  1.29935E-10  1.07847E-09
 2146.   8.24999E-04  8.53945E-07  5.76550E-07  4.44951E-11  4.22832E-10  6.62334E-11  1.86496E-13  1.29861E-10  1.07831E-09
 2147.   8.24977E-04  8.53879E-07  5.76581E-07  4.32992E-11  4.17288E-10  6.52129E-11  1.70557E-13  1.29791E-10  1.07814E-09
 2148.   8.24968E-04  8.53846E-07  5.76605E-07  4.21363E-11  4.11822E-10  6.42092E-11  1.55983E-13  1.29725E-10  1.07797E-09
 2149.   8.24953E-04  8.53833E-07  5.76621E-07  4.10050E-11  4.06432E-10  6.32216E-11  1.42657E-13  1.29662E-10  1.07779E-09
 2150.   8.24941E-04  8.53830E-07  5.76627E-07  4.04470E-11  4.03756E-10  6.27318E-11  1.36292E-13  1.29632E-10  1.07770E-09
 2151.   8.24941E-04  8.53830E-07  5.76627E-07  4.04470E-11  4.03756E-10  6.27318E-11  1.36292E-13  1.29632E-10  1.07770E-09
 2152.   8.24941E-04  8.53830E-07  5.76627E-07  4.04470E-11  4.03756E-10  6.27318E-11  1.36292E-13  1.29632E-10  1.07770E-09
 2153.   8.24941E-04  8.53830E-07  5.76627E-07  4.04470E-11  4.03756E-10  6.27318E-11  1.36292E-13  1.29632E-10  1.07770E-09
 2154.   8.24941E-04  8.53830E-07  5.76627E-07  4.04470E-11  4.03756E-10  6.27318E-11  1.36292E-13  1.29632E-10  1.07770E-09
 2155.   8.24941E-04  8.53830E-07  5.76627E-07  4.04470E-11  4.03756E-10  6.27318E-11  1.36292E-13  1.29632E-10  1.07770E-09
 2156.   8.24941E-04  8.53830E-07  5.76627E-07  4.04470E-11  4.03756E-10  6.27318E-11  1.36292E-13  1.29632E-10  1.07770E-09
 2157.   8.24941E-04  8.53830E-07  5.76627E-07  4.04470E-11  4.03756E-10  6.27318E-11  1.36292E-13  1.29632E-10  1.07770E-09
 2158.   8.24941E-04  8.53830E-07  5.76627E-07  4.04470E-11  4.03756E-10  6.27318E-11  1.36292E-13  1.29632E-10  1.07770E-09
 2159.   8.24941E-04  8.53830E-07  5.76627E-07  4.04470E-11  4.03756E-10  6.27318E-11  1.36292E-13  1.29632E-10  1.07770E-09
 2160.   8.24941E-04  8.53830E-07  5.76627E-07  4.04470E-11  4.03756E-10  6.27318E-11  1.36292E-13  1.29632E-10  1.07770E-09
 2161.   8.24941E-04  8.53830E-07  5.76627E-07  4.04470E-11  4.03756E-10  6.27318E-11  1.36292E-13  1.29632E-10  1.07770E-09
 2162.   8.24941E-04  8.53830E-07  5.76627E-07  4.04470E-11  4.03756E-10  6.27318E-11  1.36292E-13  1.29632E-10  1.07770E-09
 2163.   8.24941E-04  8.53830E-07  5.76627E-07  4.04470E-11  4.03756E-10  6.27318E-11  1.36292E-13  1.29632E-10  1.07770E-09
 2164.   8.24941E-04  8.53830E-07  5.76627E-07  4.04470E-11  4.03756E-10  6.27318E-11  1.36292E-13  1.29632E-10  1.07770E-09
 2165.   8.24941E-04  8.53830E-07  5.76627E-07  4.04470E-11  4.03756E-10  6.27318E-11  1.36292E-13  1.29632E-10  1.07770E-09
 2166.   8.24941E-04  8.53830E-07  5.76627E-07  4.04470E-11  4.03756E-10  6.27318E-11  1.36292E-13  1.29632E-10  1.07770E-09
 2167.   8.24941E-04  8.53830E-07  5.76627E-07  4.04470E-11  4.03756E-10  6.27318E-11  1.36292E-13  1.29632E-10  1.07770E-09
 2168.   8.24941E-04  8.53830E-07  5.76627E-07  4.04470E-11  4.03756E-10  6.27318E-11  1.36292E-13  1.29632E-10  1.07770E-09
 2169.   8.24941E-04  8.53830E-07  5.76627E-07  4.04470E-11  4.03756E-10  6.27318E-11  1.36292E-13  1.29632E-10  1.07770E-09
 2170.   8.24941E-04  8.53830E-07  5.76627E-07  4.04470E-11  4.03756E-10  6.27318E-11  1.36292E-13  1.29632E-10  1.07770E-09
 2171.   8.24941E-04  8.53830E-07  5.76627E-07  4.04470E-11  4.03756E-10  6.27318E-11  1.36292E-13  1.29632E-10  1.07770E-09
 2172.   8.24941E-04  8.53830E-07  5.76627E-07  4.04470E-11  4.03756E-10  6.27318E-11  1.36292E-13  1.29632E-10  1.07770E-09
 2173.   8.24941E-04  8.53830E-07  5.76627E-07  4.04470E-11  4.03756E-10  6.27318E-11  1.36292E-13  1.29632E-10  1.07770E-09
 2174.   8.24941E-04  8.53830E-07  5.76627E-07  4.04470E-11  4.03756E-10  6.27318E-11  1.36292E-13  1.29632E-10  1.07770E-09
 2175.   8.24941E-04  8.53830E-07  5.76627E-07  4.04470E-11  4.03756E-10  6.27318E-11  1.36292E-13  1.29632E-10  1.07770E-09
 2176.   8.24941E-04  8.53830E-07  5.76627E-07  4.04470E-11  4.03756E-10  6.27318E-11  1.36292E-13  1.29632E-10  1.07770E-09
 2177.   8.24941E-04  8.53830E-07  5.76627E-07  4.04470E-11  4.03756E-10  6.27318E-11  1.36292E-13  1.29632E-10  1.07770E-09
 2178.   8.24941E-04  8.53830E-07  5.76627E-07  4.04470E-11  4.03756E-10  6.27318E-11  1.36292E-13  1.29632E-10  1.07770E-09
 2179.   8.24941E-04  8.53830E-07  5.76627E-07  4.04470E-11  4.03756E-10  6.27318E-11  1.36292E-13  1.29632E-10  1.07770E-09
 2180.   8.24941E-04  8.53830E-07  5.76627E-07  4.04470E-11  4.03756E-10  6.27318E-11  1.36292E-13  1.29632E-10  1.07770E-09
 2181.   8.24941E-04  8.53830E-07  5.76627E-07  4.04470E-11  4.03756E-10  6.27318E-11  1.36292E-13  1.29632E-10  1.07770E-09
 2182.   8.24941E-04  8.53830E-07  5.76627E-07  4.04470E-11  4.03756E-10  6.27318E-11  1.36292E-13  1.29632E-10  1.07770E-09
 2183.   8.24941E-04  8.53830E-07  5.76627E-07  4.04470E-11  4.03756E-10  6.27318E-11  1.36292E-13  1.29632E-10  1.07770E-09
 2184.   8.24941E-04  8.53830E-07  5.76627E-07  4.04470E-11  4.03756E-10  6.27318E-11  1.36292E-13  1.29632E-10  1.07770E-09
 2185.   8.24941E-04  8.53830E-07  5.76627E-07  4.04470E-11  4.03756E-10  6.27318E-11  1.36292E-13  1.29632E-10  1.07770E-09
 2186.   8.24941E-04  8.53830E-07  5.76627E-07  4.04470E-11  4.03756E-10  6.27318E-11  1.36292E-13  1.29632E-10  1.07770E-09
 2187.   8.24941E-04  8.53830E-07  5.76627E-07  4.04470E-11  4.03756E-10  6.27318E-11  1.36292E-13  1.29632E-10  1.07770E-09
 2188.   8.24941E-04  8.53830E-07  5.76627E-07  4.04470E-11  4.03756E-10  6.27318E-11  1.36292E-13  1.29632E-10  1.07770E-09
 2189.   8.24941E-04  8.53830E-07  5.76627E-07  4.04470E-11  4.03756E-10  6.27318E-11  1.36292E-13  1.29632E-10  1.07770E-09
 2190.   8.24941E-04  8.53830E-07  5.76627E-07  4.04470E-11  4.03756E-10  6.27318E-11  1.36292E-13  1.29632E-10  1.07770E-09
 2191.   8.24941E-04  8.53830E-07  5.76627E-07  4.04470E-11  4.03756E-10  6.27318E-11  1.36292E-13  1.29632E-10  1.07770E-09
 2192.   8.24941E-04  8.53830E-07  5.76627E-07  4.04470E-11  4.03756E-10  6.27318E-11  1.36292E-13  1.29632E-10  1.07770E-09
 2193.   8.24941E-04  8.53830E-07  5.76627E-07  4.04470E-11  4.03756E-10  6.27318E-11  1.36292E-13  1.29632E-10  1.07770E-09
 2194.   8.24941E-04  8.53830E-07  5.76627E-07  4.04470E-11  4.03756E-10  6.27318E-11  1.36292E-13  1.29632E-10  1.07770E-09
 2195.   8.24941E-04  8.53830E-07  5.76627E-07  4.04470E-11  4.03756E-10  6.27318E-11  1.36292E-13  1.29632E-10  1.07770E-09
 2196.   8.24941E-04  8.53830E-07  5.76627E-07  4.04470E-11  4.03756E-10  6.27318E-11  1.36292E-13  1.29632E-10  1.07770E-09
 2197.   8.24941E-04  8.53830E-07  5.76627E-07  4.04470E-11  4.03756E-10  6.27318E-11  1.36292E-13  1.29632E-10  1.07770E-09
 2198.   8.24941E-04  8.53830E-07  5.76627E-07  4.04470E-11  4.03756E-10  6.27318E-11  1.36292E-13  1.29632E-10  1.07770E-09
 2199.   8.24941E-04  8.53830E-07  5.76627E-07  4.04470E-11  4.03756E-10  6.27318E-11  1.36292E-13  1.29632E-10  1.07770E-09
 2200.   8.24941E-04  8.53830E-07  5.76627E-07  4.04470E-11  4.03756E-10  6.27318E-11  1.36292E-13  1.29632E-10  1.07770E-09
 2201.   8.24941E-04  8.53830E-07  5.76627E-07  4.04470E-11  4.03756E-10  6.27318E-11  1.36292E-13  1.29632E-10  1.07770E-09
 2202.   8.24941E-04  8.53830E-07  5.76627E-07  4.04470E-11  4.03756E-10  6.27318E-11  1.36292E-13  1.29632E-10  1.07770E-09
 2203.   8.24941E-04  8.53830E-07  5.76627E-07  4.04470E-11  4.03756E-10  6.27318E-11  1.36292E-13  1.29632E-10  1.07770E-09
 2204.   8.24941E-04  8.53830E-07  5.76627E-07  4.04470E-11  4.03756E-10  6.27318E-11  1.36292E-13  1.29632E-10  1.07770E-09
 2205.   8.24941E-04  8.53830E-07  5.76627E-07  4.04470E-11  4.03756E-10  6.27318E-11  1.36292E-13  1.29632E-10  1.07770E-09
 2206.   8.24941E-04  8.53830E-07  5.76627E-07  4.04470E-11  4.03756E-10  6.27318E-11  1.36292E-13  1.29632E-10  1.07770E-09
 2207.   8.24941E-04  8.53830E-07  5.76627E-07  4.04470E-11  4.03756E-10  6.27318E-11  1.36292E-13  1.29632E-10  1.07770E-09
 2208.   8.24941E-04  8.53830E-07  5.76627E-07  4.04470E-11  4.03756E-10  6.27318E-11  1.36292E-13  1.29632E-10  1.07770E-09
 2209.   8.24941E-04  8.53830E-07  5.76627E-07  4.04470E-11  4.03756E-10  6.27318E-11  1.36292E-13  1.29632E-10  1.07770E-09
 2210.   8.24941E-04  8.53830E-07  5.76627E-07  4.04470E-11  4.03756E-10  6.27318E-11  1.36292E-13  1.29632E-10  1.07770E-09
 2211.   8.24941E-04  8.53830E-07  5.76627E-07  4.04470E-11  4.03756E-10  6.27318E-11  1.36292E-13  1.29632E-10  1.07770E-09
 2212.   8.24941E-04  8.53830E-07  5.76627E-07  4.04470E-11  4.03756E-10  6.27318E-11  1.36292E-13  1.29632E-10  1.07770E-09
 2213.   8.24941E-04  8.53830E-07  5.76627E-07  4.04470E-11  4.03756E-10  6.27318E-11  1.36292E-13  1.29632E-10  1.07770E-09
 2214.   8.24941E-04  8.53830E-07  5.76627E-07  4.04470E-11  4.03756E-10  6.27318E-11  1.36292E-13  1.29632E-10  1.07770E-09
 2215.   8.24941E-04  8.53830E-07  5.76627E-07  4.04470E-11  4.03756E-10  6.27318E-11  1.36292E-13  1.29632E-10  1.07770E-09
 2216.   8.24941E-04  8.53830E-07  5.76627E-07  4.04470E-11  4.03756E-10  6.27318E-11  1.36292E-13  1.29632E-10  1.07770E-09
 2217.   8.24941E-04  8.53830E-07  5.76627E-07  4.04470E-11  4.03756E-10  6.27318E-11  1.36292E-13  1.29632E-10  1.07770E-09
 2218.   8.24941E-04  8.53830E-07  5.76627E-07  4.04470E-11  4.03756E-10  6.27318E-11  1.36292E-13  1.29632E-10  1.07770E-09
 2219.   8.24941E-04  8.53830E-07  5.76627E-07  4.04470E-11  4.03756E-10  6.27318E-11  1.36292E-13  1.29632E-10  1.07770E-09
 2220.   8.24941E-04  8.53830E-07  5.76627E-07  4.04470E-11  4.03756E-10  6.27318E-11  1.36292E-13  1.29632E-10  1.07770E-09
 2221.   8.24941E-04  8.53830E-07  5.76627E-07  4.04470E-11  4.03756E-10  6.27318E-11  1.36292E-13  1.29632E-10  1.07770E-09
 2222.   8.24941E-04  8.53830E-07  5.76627E-07  4.04470E-11  4.03756E-10  6.27318E-11  1.36292E-13  1.29632E-10  1.07770E-09
 2223.   8.24941E-04  8.53830E-07  5.76627E-07  4.04470E-11  4.03756E-10  6.27318E-11  1.36292E-13  1.29632E-10  1.07770E-09
 2224.   8.24941E-04  8.53830E-07  5.76627E-07  4.04470E-11  4.03756E-10  6.27318E-11  1.36292E-13  1.29632E-10  1.07770E-09
 2225.   8.24941E-04  8.53830E-07  5.76627E-07  4.04470E-11  4.03756E-10  6.27318E-11  1.36292E-13  1.29632E-10  1.07770E-09
 2226.   8.24941E-04  8.53830E-07  5.76627E-07  4.04470E-11  4.03756E-10  6.27318E-11  1.36292E-13  1.29632E-10  1.07770E-09
 2227.   8.24941E-04  8.53830E-07  5.76627E-07  4.04470E-11  4.03756E-10  6.27318E-11  1.36292E-13  1.29632E-10  1.07770E-09
 2228.   8.24941E-04  8.53830E-07  5.76627E-07  4.04470E-11  4.03756E-10  6.27318E-11  1.36292E-13  1.29632E-10  1.07770E-09
 2229.   8.24941E-04  8.53830E-07  5.76627E-07  4.04470E-11  4.03756E-10  6.27318E-11  1.36292E-13  1.29632E-10  1.07770E-09
 2230.   8.24941E-04  8.53830E-07  5.76627E-07  4.04470E-11  4.03756E-10  6.27318E-11  1.36292E-13  1.29632E-10  1.07770E-09
 2231.   8.24941E-04  8.53830E-07  5.76627E-07  4.04470E-11  4.03756E-10  6.27318E-11  1.36292E-13  1.29632E-10  1.07770E-09
 2232.   8.24941E-04  8.53830E-07  5.76627E-07  4.04470E-11  4.03756E-10  6.27318E-11  1.36292E-13  1.29632E-10  1.07770E-09
 2233.   8.24941E-04  8.53830E-07  5.76627E-07  4.04470E-11  4.03756E-10  6.27318E-11  1.36292E-13  1.29632E-10  1.07770E-09
 2234.   8.24941E-04  8.53830E-07  5.76627E-07  4.04470E-11  4.03756E-10  6.27318E-11  1.36292E-13  1.29632E-10  1.07770E-09
 2235.   8.24941E-04  8.53830E-07  5.76627E-07  4.04470E-11  4.03756E-10  6.27318E-11  1.36292E-13  1.29632E-10  1.07770E-09
 2236.   8.24941E-04  8.53830E-07  5.76627E-07  4.04470E-11  4.03756E-10  6.27318E-11  1.36292E-13  1.29632E-10  1.07770E-09
 2237.   8.24941E-04  8.53830E-07  5.76627E-07  4.04470E-11  4.03756E-10  6.27318E-11  1.36292E-13  1.29632E-10  1.07770E-09
 2238.   8.24941E-04  8.53830E-07  5.76627E-07  4.04470E-11  4.03756E-10  6.27318E-11  1.36292E-13  1.29632E-10  1.07770E-09
 2239.   8.24941E-04  8.53830E-07  5.76627E-07  4.04470E-11  4.03756E-10  6.27318E-11  1.36292E-13  1.29632E-10  1.07770E-09
 2240.   8.24941E-04  8.53830E-07  5.76627E-07  4.04470E-11  4.03756E-10  6.27318E-11  1.36292E-13  1.29632E-10  1.07770E-09
 2241.   8.24941E-04  8.53830E-07  5.76627E-07  4.04470E-11  4.03756E-10  6.27318E-11  1.36292E-13  1.29632E-10  1.07770E-09
 2242.   8.24941E-04  8.53830E-07  5.76627E-07  4.04470E-11  4.03756E-10  6.27318E-11  1.36292E-13  1.29632E-10  1.07770E-09
 2243.   8.24941E-04  8.53830E-07  5.76627E-07  4.04470E-11  4.03756E-10  6.27318E-11  1.36292E-13  1.29632E-10  1.07770E-09
 2244.   8.24941E-04  8.53830E-07  5.76627E-07  4.04470E-11  4.03756E-10  6.27318E-11  1.36292E-13  1.29632E-10  1.07770E-09
 2245.   8.24941E-04  8.53830E-07  5.76627E-07  4.04470E-11  4.03756E-10  6.27318E-11  1.36292E-13  1.29632E-10  1.07770E-09
 2246.   8.24941E-04  8.53830E-07  5.76627E-07  4.04470E-11  4.03756E-10  6.27318E-11  1.36292E-13  1.29632E-10  1.07770E-09
 2247.   8.24941E-04  8.53830E-07  5.76627E-07  4.04470E-11  4.03756E-10  6.27318E-11  1.36292E-13  1.29632E-10  1.07770E-09
 2248.   8.24941E-04  8.53830E-07  5.76627E-07  4.04470E-11  4.03756E-10  6.27318E-11  1.36292E-13  1.29632E-10  1.07770E-09
 2249.   8.24941E-04  8.53830E-07  5.76627E-07  4.04470E-11  4.03756E-10  6.27318E-11  1.36292E-13  1.29632E-10  1.07770E-09
 2250.   8.24941E-04  8.53830E-07  5.76627E-07  4.04470E-11  4.03756E-10  6.27318E-11  1.36292E-13  1.29632E-10  1.07770E-09
 2251.   8.24941E-04  8.53830E-07  5.76627E-07  4.04470E-11  4.03756E-10  6.27318E-11  1.36292E-13  1.29632E-10  1.07770E-09
 2252.   8.24941E-04  8.53830E-07  5.76627E-07  4.04470E-11  4.03756E-10  6.27318E-11  1.36292E-13  1.29632E-10  1.07770E-09
 2253.   8.24941E-04  8.53830E-07  5.76627E-07  4.04470E-11  4.03756E-10  6.27318E-11  1.36292E-13  1.29632E-10  1.07770E-09
 2254.   8.24941E-04  8.53830E-07  5.76627E-07  4.04470E-11  4.03756E-10  6.27318E-11  1.36292E-13  1.29632E-10  1.07770E-09
 2255.   8.24941E-04  8.53830E-07  5.76627E-07  4.04470E-11  4.03756E-10  6.27318E-11  1.36292E-13  1.29632E-10  1.07770E-09
 2256.   8.24941E-04  8.53830E-07  5.76627E-07  4.04470E-11  4.03756E-10  6.27318E-11  1.36292E-13  1.29632E-10  1.07770E-09
 2257.   8.24941E-04  8.53830E-07  5.76627E-07  4.04470E-11  4.03756E-10  6.27318E-11  1.36292E-13  1.29632E-10  1.07770E-09
 2258.   8.24941E-04  8.53830E-07  5.76627E-07  4.04470E-11  4.03756E-10  6.27318E-11  1.36292E-13  1.29632E-10  1.07770E-09
 2259.   8.24941E-04  8.53830E-07  5.76627E-07  4.04470E-11  4.03756E-10  6.27318E-11  1.36292E-13  1.29632E-10  1.07770E-09
 2260.   8.24941E-04  8.53830E-07  5.76627E-07  4.04470E-11  4.03756E-10  6.27318E-11  1.36292E-13  1.29632E-10  1.07770E-09
 2261.   8.24941E-04  8.53830E-07  5.76627E-07  4.04470E-11  4.03756E-10  6.27318E-11  1.36292E-13  1.29632E-10  1.07770E-09
 2262.   8.24941E-04  8.53830E-07  5.76627E-07  4.04470E-11  4.03756E-10  6.27318E-11  1.36292E-13  1.29632E-10  1.07770E-09
 2263.   8.24941E-04  8.53830E-07  5.76627E-07  4.04470E-11  4.03756E-10  6.27318E-11  1.36292E-13  1.29632E-10  1.07770E-09
 2264.   8.24941E-04  8.53830E-07  5.76627E-07  4.04470E-11  4.03756E-10  6.27318E-11  1.36292E-13  1.29632E-10  1.07770E-09
 2265.   8.24941E-04  8.53830E-07  5.76627E-07  4.04470E-11  4.03756E-10  6.27318E-11  1.36292E-13  1.29632E-10  1.07770E-09
 2266.   8.24941E-04  8.53830E-07  5.76627E-07  4.04470E-11  4.03756E-10  6.27318E-11  1.36292E-13  1.29632E-10  1.07770E-09
 2267.   8.24941E-04  8.53830E-07  5.76627E-07  4.04470E-11  4.03756E-10  6.27318E-11  1.36292E-13  1.29632E-10  1.07770E-09
 2268.   8.24941E-04  8.53830E-07  5.76627E-07  4.04470E-11  4.03756E-10  6.27318E-11  1.36292E-13  1.29632E-10  1.07770E-09
 2269.   8.24941E-04  8.53830E-07  5.76627E-07  4.04470E-11  4.03756E-10  6.27318E-11  1.36292E-13  1.29632E-10  1.07770E-09
 2270.   8.24941E-04  8.53830E-07  5.76627E-07  4.04470E-11  4.03756E-10  6.27318E-11  1.36292E-13  1.29632E-10  1.07770E-09
 2271.   8.24941E-04  8.53830E-07  5.76627E-07  4.04470E-11  4.03756E-10  6.27318E-11  1.36292E-13  1.29632E-10  1.07770E-09
 2272.   8.24941E-04  8.53830E-07  5.76627E-07  4.04470E-11  4.03756E-10  6.27318E-11  1.36292E-13  1.29632E-10  1.07770E-09
 2273.   8.24941E-04  8.53830E-07  5.76627E-07  4.04470E-11  4.03756E-10  6.27318E-11  1.36292E-13  1.29632E-10  1.07770E-09
 2274.   8.24941E-04  8.53830E-07  5.76627E-07  4.04470E-11  4.03756E-10  6.27318E-11  1.36292E-13  1.29632E-10  1.07770E-09
 2275.   8.24941E-04  8.53830E-07  5.76627E-07  4.04470E-11  4.03756E-10  6.27318E-11  1.36292E-13  1.29632E-10  1.07770E-09
 2276.   8.24941E-04  8.53830E-07  5.76627E-07  4.04470E-11  4.03756E-10  6.27318E-11  1.36292E-13  1.29632E-10  1.07770E-09
 2277.   8.24941E-04  8.53830E-07  5.76627E-07  4.04470E-11  4.03756E-10  6.27318E-11  1.36292E-13  1.29632E-10  1.07770E-09
 2278.   8.24941E-04  8.53830E-07  5.76627E-07  4.04470E-11  4.03756E-10  6.27318E-11  1.36292E-13  1.29632E-10  1.07770E-09
 2279.   8.24941E-04  8.53830E-07  5.76627E-07  4.04470E-11  4.03756E-10  6.27318E-11  1.36292E-13  1.29632E-10  1.07770E-09
 2280.   8.24941E-04  8.53830E-07  5.76627E-07  4.04470E-11  4.03756E-10  6.27318E-11  1.36292E-13  1.29632E-10  1.07770E-09
 2281.   8.24941E-04  8.53830E-07  5.76627E-07  4.04470E-11  4.03756E-10  6.27318E-11  1.36292E-13  1.29632E-10  1.07770E-09
 2282.   8.24941E-04  8.53830E-07  5.76627E-07  4.04470E-11  4.03756E-10  6.27318E-11  1.36292E-13  1.29632E-10  1.07770E-09
 2283.   8.24941E-04  8.53830E-07  5.76627E-07  4.04470E-11  4.03756E-10  6.27318E-11  1.36292E-13  1.29632E-10  1.07770E-09
 2284.   8.24941E-04  8.53830E-07  5.76627E-07  4.04470E-11  4.03756E-10  6.27318E-11  1.36292E-13  1.29632E-10  1.07770E-09
 2285.   8.24941E-04  8.53830E-07  5.76627E-07  4.04470E-11  4.03756E-10  6.27318E-11  1.36292E-13  1.29632E-10  1.07770E-09
 2286.   8.24941E-04  8.53830E-07  5.76627E-07  4.04470E-11  4.03756E-10  6.27318E-11  1.36292E-13  1.29632E-10  1.07770E-09
 2287.   8.24941E-04  8.53830E-07  5.76627E-07  4.04470E-11  4.03756E-10  6.27318E-11  1.36292E-13  1.29632E-10  1.07770E-09
 2288.   8.24941E-04  8.53830E-07  5.76627E-07  4.04470E-11  4.03756E-10  6.27318E-11  1.36292E-13  1.29632E-10  1.07770E-09
 2289.   8.24941E-04  8.53830E-07  5.76627E-07  4.04470E-11  4.03756E-10  6.27318E-11  1.36292E-13  1.29632E-10  1.07770E-09
 2290.   8.24941E-04  8.53830E-07  5.76627E-07  4.04470E-11  4.03756E-10  6.27318E-11  1.36292E-13  1.29632E-10  1.07770E-09
 2291.   8.24941E-04  8.53830E-07  5.76627E-07  4.04470E-11  4.03756E-10  6.27318E-11  1.36292E-13  1.29632E-10  1.07770E-09
 2292.   8.24941E-04  8.53830E-07  5.76627E-07  4.04470E-11  4.03756E-10  6.27318E-11  1.36292E-13  1.29632E-10  1.07770E-09
 2293.   8.24941E-04  8.53830E-07  5.76627E-07  4.04470E-11  4.03756E-10  6.27318E-11  1.36292E-13  1.29632E-10  1.07770E-09
 2294.   8.24941E-04  8.53830E-07  5.76627E-07  4.04470E-11  4.03756E-10  6.27318E-11  1.36292E-13  1.29632E-10  1.07770E-09
 2295.   8.24941E-04  8.53830E-07  5.76627E-07  4.04470E-11  4.03756E-10  6.27318E-11  1.36292E-13  1.29632E-10  1.07770E-09
 2296.   8.24941E-04  8.53830E-07  5.76627E-07  4.04470E-11  4.03756E-10  6.27318E-11  1.36292E-13  1.29632E-10  1.07770E-09
 2297.   8.24941E-04  8.53830E-07  5.76627E-07  4.04470E-11  4.03756E-10  6.27318E-11  1.36292E-13  1.29632E-10  1.07770E-09
 2298.   8.24941E-04  8.53830E-07  5.76627E-07  4.04470E-11  4.03756E-10  6.27318E-11  1.36292E-13  1.29632E-10  1.07770E-09
 2299.   8.24941E-04  8.53830E-07  5.76627E-07  4.04470E-11  4.03756E-10  6.27318E-11  1.36292E-13  1.29632E-10  1.07770E-09
 2300.   8.24941E-04  8.53830E-07  5.76627E-07  4.04470E-11  4.03756E-10  6.27318E-11  1.36292E-13  1.29632E-10  1.07770E-09
 2301.   8.24941E-04  8.53830E-07  5.76627E-07  4.04470E-11  4.03756E-10  6.27318E-11  1.36292E-13  1.29632E-10  1.07770E-09
 2302.   8.24941E-04  8.53830E-07  5.76627E-07  4.04470E-11  4.03756E-10  6.27318E-11  1.36292E-13  1.29632E-10  1.07770E-09
 2303.   8.24941E-04  8.53830E-07  5.76627E-07  4.04470E-11  4.03756E-10  6.27318E-11  1.36292E-13  1.29632E-10  1.07770E-09
 2304.   8.24941E-04  8.53830E-07  5.76627E-07  4.04470E-11  4.03756E-10  6.27318E-11  1.36292E-13  1.29632E-10  1.07770E-09
 2305.   8.24941E-04  8.53830E-07  5.76627E-07  4.04470E-11  4.03756E-10  6.27318E-11  1.36292E-13  1.29632E-10  1.07770E-09
 2306.   8.24941E-04  8.53830E-07  5.76627E-07  4.04470E-11  4.03756E-10  6.27318E-11  1.36292E-13  1.29632E-10  1.07770E-09
 2307.   8.24941E-04  8.53830E-07  5.76627E-07  4.04470E-11  4.03756E-10  6.27318E-11  1.36292E-13  1.29632E-10  1.07770E-09
 2308.   8.24941E-04  8.53830E-07  5.76627E-07  4.04470E-11  4.03756E-10  6.27318E-11  1.36292E-13  1.29632E-10  1.07770E-09
 2309.   8.24941E-04  8.53830E-07  5.76627E-07  4.04470E-11  4.03756E-10  6.27318E-11  1.36292E-13  1.29632E-10  1.07770E-09
 2310.   8.24941E-04  8.53830E-07  5.76627E-07  4.04470E-11  4.03756E-10  6.27318E-11  1.36292E-13  1.29632E-10  1.07770E-09
 2311.   8.24941E-04  8.53830E-07  5.76627E-07  4.04470E-11  4.03756E-10  6.27318E-11  1.36292E-13  1.29632E-10  1.07770E-09
 2312.   8.24941E-04  8.53830E-07  5.76627E-07  4.04470E-11  4.03756E-10  6.27318E-11  1.36292E-13  1.29632E-10  1.07770E-09
 2313.   8.24941E-04  8.53830E-07  5.76627E-07  4.04470E-11  4.03756E-10  6.27318E-11  1.36292E-13  1.29632E-10  1.07770E-09
 2314.   8.24941E-04  8.53830E-07  5.76627E-07  4.04470E-11  4.03756E-10  6.27318E-11  1.36292E-13  1.29632E-10  1.07770E-09
 2315.   8.24941E-04  8.53830E-07  5.76627E-07  4.04470E-11  4.03756E-10  6.27318E-11  1.36292E-13  1.29632E-10  1.07770E-09
 2316.   8.24941E-04  8.53830E-07  5.76627E-07  4.04470E-11  4.03756E-10  6.27318E-11  1.36292E-13  1.29632E-10  1.07770E-09
 2317.   8.24941E-04  8.53830E-07  5.76627E-07  4.04470E-11  4.03756E-10  6.27318E-11  1.36292E-13  1.29632E-10  1.07770E-09
 2318.   8.24941E-04  8.53830E-07  5.76627E-07  4.04470E-11  4.03756E-10  6.27318E-11  1.36292E-13  1.29632E-10  1.07770E-09
 2319.   8.24941E-04  8.53830E-07  5.76627E-07  4.04470E-11  4.03756E-10  6.27318E-11  1.36292E-13  1.29632E-10  1.07770E-09
 2320.   8.24941E-04  8.53830E-07  5.76627E-07  4.04470E-11  4.03756E-10  6.27318E-11  1.36292E-13  1.29632E-10  1.07770E-09
 2321.   8.24941E-04  8.53830E-07  5.76627E-07  4.04470E-11  4.03756E-10  6.27318E-11  1.36292E-13  1.29632E-10  1.07770E-09
 2322.   8.24941E-04  8.53830E-07  5.76627E-07  4.04470E-11  4.03756E-10  6.27318E-11  1.36292E-13  1.29632E-10  1.07770E-09
 2323.   8.24941E-04  8.53830E-07  5.76627E-07  4.04470E-11  4.03756E-10  6.27318E-11  1.36292E-13  1.29632E-10  1.07770E-09
 2324.   8.24941E-04  8.53830E-07  5.76627E-07  4.04470E-11  4.03756E-10  6.27318E-11  1.36292E-13  1.29632E-10  1.07770E-09
 2325.   8.24941E-04  8.53830E-07  5.76627E-07  4.04470E-11  4.03756E-10  6.27318E-11  1.36292E-13  1.29632E-10  1.07770E-09
 2326.   8.24941E-04  8.53830E-07  5.76627E-07  4.04470E-11  4.03756E-10  6.27318E-11  1.36292E-13  1.29632E-10  1.07770E-09
 2327.   8.24941E-04  8.53830E-07  5.76627E-07  4.04470E-11  4.03756E-10  6.27318E-11  1.36292E-13  1.29632E-10  1.07770E-09
 2328.   8.24941E-04  8.53830E-07  5.76627E-07  4.04470E-11  4.03756E-10  6.27318E-11  1.36292E-13  1.29632E-10  1.07770E-09
 2329.   8.24941E-04  8.53830E-07  5.76627E-07  4.04470E-11  4.03756E-10  6.27318E-11  1.36292E-13  1.29632E-10  1.07770E-09
 2330.   8.24941E-04  8.53830E-07  5.76627E-07  4.04470E-11  4.03756E-10  6.27318E-11  1.36292E-13  1.29632E-10  1.07770E-09
 2331.   8.24941E-04  8.53830E-07  5.76627E-07  4.04470E-11  4.03756E-10  6.27318E-11  1.36292E-13  1.29632E-10  1.07770E-09
 2332.   8.24941E-04  8.53830E-07  5.76627E-07  4.04470E-11  4.03756E-10  6.27318E-11  1.36292E-13  1.29632E-10  1.07770E-09
 2333.   8.24941E-04  8.53830E-07  5.76627E-07  4.04470E-11  4.03756E-10  6.27318E-11  1.36292E-13  1.29632E-10  1.07770E-09
 2334.   8.24941E-04  8.53830E-07  5.76627E-07  4.04470E-11  4.03756E-10  6.27318E-11  1.36292E-13  1.29632E-10  1.07770E-09
 2335.   8.24941E-04  8.53830E-07  5.76627E-07  4.04470E-11  4.03756E-10  6.27318E-11  1.36292E-13  1.29632E-10  1.07770E-09
 2336.   8.24941E-04  8.53830E-07  5.76627E-07  4.04470E-11  4.03756E-10  6.27318E-11  1.36292E-13  1.29632E-10  1.07770E-09
 2337.   8.24941E-04  8.53830E-07  5.76627E-07  4.04470E-11  4.03756E-10  6.27318E-11  1.36292E-13  1.29632E-10  1.07770E-09
 2338.   8.24941E-04  8.53830E-07  5.76627E-07  4.04470E-11  4.03756E-10  6.27318E-11  1.36292E-13  1.29632E-10  1.07770E-09
 2339.   8.24941E-04  8.53830E-07  5.76627E-07  4.04470E-11  4.03756E-10  6.27318E-11  1.36292E-13  1.29632E-10  1.07770E-09
 2340.   8.24941E-04  8.53830E-07  5.76627E-07  4.04470E-11  4.03756E-10  6.27318E-11  1.36292E-13  1.29632E-10  1.07770E-09
 2341.   8.24941E-04  8.53830E-07  5.76627E-07  4.04470E-11  4.03756E-10  6.27318E-11  1.36292E-13  1.29632E-10  1.07770E-09
 2342.   8.24941E-04  8.53830E-07  5.76627E-07  4.04470E-11  4.03756E-10  6.27318E-11  1.36292E-13  1.29632E-10  1.07770E-09
 2343.   8.24941E-04  8.53830E-07  5.76627E-07  4.04470E-11  4.03756E-10  6.27318E-11  1.36292E-13  1.29632E-10  1.07770E-09
 2344.   8.24941E-04  8.53830E-07  5.76627E-07  4.04470E-11  4.03756E-10  6.27318E-11  1.36292E-13  1.29632E-10  1.07770E-09
 2345.   8.24941E-04  8.53830E-07  5.76627E-07  4.04470E-11  4.03756E-10  6.27318E-11  1.36292E-13  1.29632E-10  1.07770E-09
 2346.   8.24941E-04  8.53830E-07  5.76627E-07  4.04470E-11  4.03756E-10  6.27318E-11  1.36292E-13  1.29632E-10  1.07770E-09
 2347.   8.24941E-04  8.53830E-07  5.76627E-07  4.04470E-11  4.03756E-10  6.27318E-11  1.36292E-13  1.29632E-10  1.07770E-09
 2348.   8.24941E-04  8.53830E-07  5.76627E-07  4.04470E-11  4.03756E-10  6.27318E-11  1.36292E-13  1.29632E-10  1.07770E-09
 2349.   8.24941E-04  8.53830E-07  5.76627E-07  4.04470E-11  4.03756E-10  6.27318E-11  1.36292E-13  1.29632E-10  1.07770E-09
 2350.   8.24941E-04  8.53830E-07  5.76627E-07  4.04470E-11  4.03756E-10  6.27318E-11  1.36292E-13  1.29632E-10  1.07770E-09
 2351.   8.24941E-04  8.53830E-07  5.76627E-07  4.04470E-11  4.03756E-10  6.27318E-11  1.36292E-13  1.29632E-10  1.07770E-09
 2352.   8.24941E-04  8.53830E-07  5.76627E-07  4.04470E-11  4.03756E-10  6.27318E-11  1.36292E-13  1.29632E-10  1.07770E-09
 2353.   8.24941E-04  8.53830E-07  5.76627E-07  4.04470E-11  4.03756E-10  6.27318E-11  1.36292E-13  1.29632E-10  1.07770E-09
 2354.   8.24941E-04  8.53830E-07  5.76627E-07  4.04470E-11  4.03756E-10  6.27318E-11  1.36292E-13  1.29632E-10  1.07770E-09
 2355.   8.24941E-04  8.53830E-07  5.76627E-07  4.04470E-11  4.03756E-10  6.27318E-11  1.36292E-13  1.29632E-10  1.07770E-09
 2356.   8.24941E-04  8.53830E-07  5.76627E-07  4.04470E-11  4.03756E-10  6.27318E-11  1.36292E-13  1.29632E-10  1.07770E-09
 2357.   8.24941E-04  8.53830E-07  5.76627E-07  4.04470E-11  4.03756E-10  6.27318E-11  1.36292E-13  1.29632E-10  1.07770E-09
 2358.   8.24941E-04  8.53830E-07  5.76627E-07  4.04470E-11  4.03756E-10  6.27318E-11  1.36292E-13  1.29632E-10  1.07770E-09
 2359.   8.24941E-04  8.53830E-07  5.76627E-07  4.04470E-11  4.03756E-10  6.27318E-11  1.36292E-13  1.29632E-10  1.07770E-09
 2360.   8.24941E-04  8.53830E-07  5.76627E-07  4.04470E-11  4.03756E-10  6.27318E-11  1.36292E-13  1.29632E-10  1.07770E-09
 2361.   8.24941E-04  8.53830E-07  5.76627E-07  4.04470E-11  4.03756E-10  6.27318E-11  1.36292E-13  1.29632E-10  1.07770E-09
 2362.   8.24941E-04  8.53830E-07  5.76627E-07  4.04470E-11  4.03756E-10  6.27318E-11  1.36292E-13  1.29632E-10  1.07770E-09
 2363.   8.24941E-04  8.53830E-07  5.76627E-07  4.04470E-11  4.03756E-10  6.27318E-11  1.36292E-13  1.29632E-10  1.07770E-09
 2364.   8.24941E-04  8.53830E-07  5.76627E-07  4.04470E-11  4.03756E-10  6.27318E-11  1.36292E-13  1.29632E-10  1.07770E-09
 2365.   8.24941E-04  8.53830E-07  5.76627E-07  4.04470E-11  4.03756E-10  6.27318E-11  1.36292E-13  1.29632E-10  1.07770E-09
 2366.   8.24941E-04  8.53830E-07  5.76627E-07  4.04470E-11  4.03756E-10  6.27318E-11  1.36292E-13  1.29632E-10  1.07770E-09
 2367.   8.24941E-04  8.53830E-07  5.76627E-07  4.04470E-11  4.03756E-10  6.27318E-11  1.36292E-13  1.29632E-10  1.07770E-09
 2368.   8.24941E-04  8.53830E-07  5.76627E-07  4.04470E-11  4.03756E-10  6.27318E-11  1.36292E-13  1.29632E-10  1.07770E-09
 2369.   8.24941E-04  8.53830E-07  5.76627E-07  4.04470E-11  4.03756E-10  6.27318E-11  1.36292E-13  1.29632E-10  1.07770E-09
 2370.   8.24941E-04  8.53830E-07  5.76627E-07  4.04470E-11  4.03756E-10  6.27318E-11  1.36292E-13  1.29632E-10  1.07770E-09
 2371.   8.24941E-04  8.53830E-07  5.76627E-07  4.04470E-11  4.03756E-10  6.27318E-11  1.36292E-13  1.29632E-10  1.07770E-09
 2372.   8.24941E-04  8.53830E-07  5.76627E-07  4.04470E-11  4.03756E-10  6.27318E-11  1.36292E-13  1.29632E-10  1.07770E-09
 2373.   8.24941E-04  8.53830E-07  5.76627E-07  4.04470E-11  4.03756E-10  6.27318E-11  1.36292E-13  1.29632E-10  1.07770E-09
 2374.   8.24941E-04  8.53830E-07  5.76627E-07  4.04470E-11  4.03756E-10  6.27318E-11  1.36292E-13  1.29632E-10  1.07770E-09
 2375.   8.24941E-04  8.53830E-07  5.76627E-07  4.04470E-11  4.03756E-10  6.27318E-11  1.36292E-13  1.29632E-10  1.07770E-09
 2376.   8.24941E-04  8.53830E-07  5.76627E-07  4.04470E-11  4.03756E-10  6.27318E-11  1.36292E-13  1.29632E-10  1.07770E-09
 2377.   8.24941E-04  8.53830E-07  5.76627E-07  4.04470E-11  4.03756E-10  6.27318E-11  1.36292E-13  1.29632E-10  1.07770E-09
 2378.   8.24941E-04  8.53830E-07  5.76627E-07  4.04470E-11  4.03756E-10  6.27318E-11  1.36292E-13  1.29632E-10  1.07770E-09
 2379.   8.24941E-04  8.53830E-07  5.76627E-07  4.04470E-11  4.03756E-10  6.27318E-11  1.36292E-13  1.29632E-10  1.07770E-09
 2380.   8.24941E-04  8.53830E-07  5.76627E-07  4.04470E-11  4.03756E-10  6.27318E-11  1.36292E-13  1.29632E-10  1.07770E-09
 2381.   8.24941E-04  8.53830E-07  5.76627E-07  4.04470E-11  4.03756E-10  6.27318E-11  1.36292E-13  1.29632E-10  1.07770E-09
 2382.   8.24941E-04  8.53830E-07  5.76627E-07  4.04470E-11  4.03756E-10  6.27318E-11  1.36292E-13  1.29632E-10  1.07770E-09
 2383.   8.24941E-04  8.53830E-07  5.76627E-07  4.04470E-11  4.03756E-10  6.27318E-11  1.36292E-13  1.29632E-10  1.07770E-09
 2384.   8.24941E-04  8.53830E-07  5.76627E-07  4.04470E-11  4.03756E-10  6.27318E-11  1.36292E-13  1.29632E-10  1.07770E-09
 2385.   8.24941E-04  8.53830E-07  5.76627E-07  4.04470E-11  4.03756E-10  6.27318E-11  1.36292E-13  1.29632E-10  1.07770E-09
 2386.   8.24941E-04  8.53830E-07  5.76627E-07  4.04470E-11  4.03756E-10  6.27318E-11  1.36292E-13  1.29632E-10  1.07770E-09
 2387.   8.24941E-04  8.53830E-07  5.76627E-07  4.04470E-11  4.03756E-10  6.27318E-11  1.36292E-13  1.29632E-10  1.07770E-09
 2388.   8.24941E-04  8.53830E-07  5.76627E-07  4.04470E-11  4.03756E-10  6.27318E-11  1.36292E-13  1.29632E-10  1.07770E-09
 2389.   8.24941E-04  8.53830E-07  5.76627E-07  4.04470E-11  4.03756E-10  6.27318E-11  1.36292E-13  1.29632E-10  1.07770E-09
 2390.   8.24941E-04  8.53830E-07  5.76627E-07  4.04470E-11  4.03756E-10  6.27318E-11  1.36292E-13  1.29632E-10  1.07770E-09
 2391.   8.24941E-04  8.53830E-07  5.76627E-07  4.04470E-11  4.03756E-10  6.27318E-11  1.36292E-13  1.29632E-10  1.07770E-09
 2392.   8.24941E-04  8.53830E-07  5.76627E-07  4.04470E-11  4.03756E-10  6.27318E-11  1.36292E-13  1.29632E-10  1.07770E-09
 2393.   8.24941E-04  8.53830E-07  5.76627E-07  4.04470E-11  4.03756E-10  6.27318E-11  1.36292E-13  1.29632E-10  1.07770E-09
 2394.   8.24941E-04  8.53830E-07  5.76627E-07  4.04470E-11  4.03756E-10  6.27318E-11  1.36292E-13  1.29632E-10  1.07770E-09
 2395.   8.24941E-04  8.53830E-07  5.76627E-07  4.04470E-11  4.03756E-10  6.27318E-11  1.36292E-13  1.29632E-10  1.07770E-09
 2396.   8.24941E-04  8.53830E-07  5.76627E-07  4.04470E-11  4.03756E-10  6.27318E-11  1.36292E-13  1.29632E-10  1.07770E-09
 2397.   8.24941E-04  8.53830E-07  5.76627E-07  4.04470E-11  4.03756E-10  6.27318E-11  1.36292E-13  1.29632E-10  1.07770E-09
 2398.   8.24941E-04  8.53830E-07  5.76627E-07  4.04470E-11  4.03756E-10  6.27318E-11  1.36292E-13  1.29632E-10  1.07770E-09
 2399.   8.24941E-04  8.53830E-07  5.76627E-07  4.04470E-11  4.03756E-10  6.27318E-11  1.36292E-13  1.29632E-10  1.07770E-09
 2400.   8.24941E-04  8.53830E-07  5.76627E-07  4.04470E-11  4.03756E-10  6.27318E-11  1.36292E-13  1.29632E-10  1.07770E-09
 2401.   8.24941E-04  8.53830E-07  5.76627E-07  4.04470E-11  4.03756E-10  6.27318E-11  1.36292E-13  1.29632E-10  1.07770E-09
 2402.   8.24941E-04  8.53830E-07  5.76627E-07  4.04470E-11  4.03756E-10  6.27318E-11  1.36292E-13  1.29632E-10  1.07770E-09
 2403.   8.24941E-04  8.53830E-07  5.76627E-07  4.04470E-11  4.03756E-10  6.27318E-11  1.36292E-13  1.29632E-10  1.07770E-09
 2404.   8.24941E-04  8.53830E-07  5.76627E-07  4.04470E-11  4.03756E-10  6.27318E-11  1.36292E-13  1.29632E-10  1.07770E-09
 2405.   8.24941E-04  8.53830E-07  5.76627E-07  4.04470E-11  4.03756E-10  6.27318E-11  1.36292E-13  1.29632E-10  1.07770E-09
 2406.   8.24941E-04  8.53830E-07  5.76627E-07  4.04470E-11  4.03756E-10  6.27318E-11  1.36292E-13  1.29632E-10  1.07770E-09
 2407.   8.24941E-04  8.53830E-07  5.76627E-07  4.04470E-11  4.03756E-10  6.27318E-11  1.36292E-13  1.29632E-10  1.07770E-09
 2408.   8.24941E-04  8.53830E-07  5.76627E-07  4.04470E-11  4.03756E-10  6.27318E-11  1.36292E-13  1.29632E-10  1.07770E-09
 2409.   8.24941E-04  8.53830E-07  5.76627E-07  4.04470E-11  4.03756E-10  6.27318E-11  1.36292E-13  1.29632E-10  1.07770E-09
 2410.   8.24941E-04  8.53830E-07  5.76627E-07  4.04470E-11  4.03756E-10  6.27318E-11  1.36292E-13  1.29632E-10  1.07770E-09
 2411.   8.24941E-04  8.53830E-07  5.76627E-07  4.04470E-11  4.03756E-10  6.27318E-11  1.36292E-13  1.29632E-10  1.07770E-09
 2412.   8.24941E-04  8.53830E-07  5.76627E-07  4.04470E-11  4.03756E-10  6.27318E-11  1.36292E-13  1.29632E-10  1.07770E-09
 2413.   8.24941E-04  8.53830E-07  5.76627E-07  4.04470E-11  4.03756E-10  6.27318E-11  1.36292E-13  1.29632E-10  1.07770E-09
 2414.   8.24941E-04  8.53830E-07  5.76627E-07  4.04470E-11  4.03756E-10  6.27318E-11  1.36292E-13  1.29632E-10  1.07770E-09
 2415.   8.24941E-04  8.53830E-07  5.76627E-07  4.04470E-11  4.03756E-10  6.27318E-11  1.36292E-13  1.29632E-10  1.07770E-09
 2416.   8.24941E-04  8.53830E-07  5.76627E-07  4.04470E-11  4.03756E-10  6.27318E-11  1.36292E-13  1.29632E-10  1.07770E-09
 2417.   8.24941E-04  8.53830E-07  5.76627E-07  4.04470E-11  4.03756E-10  6.27318E-11  1.36292E-13  1.29632E-10  1.07770E-09
 2418.   8.24941E-04  8.53830E-07  5.76627E-07  4.04470E-11  4.03756E-10  6.27318E-11  1.36292E-13  1.29632E-10  1.07770E-09
 2419.   8.24941E-04  8.53830E-07  5.76627E-07  4.04470E-11  4.03756E-10  6.27318E-11  1.36292E-13  1.29632E-10  1.07770E-09
 2420.   8.24941E-04  8.53830E-07  5.76627E-07  4.04470E-11  4.03756E-10  6.27318E-11  1.36292E-13  1.29632E-10  1.07770E-09
 2421.   8.24941E-04  8.53830E-07  5.76627E-07  4.04470E-11  4.03756E-10  6.27318E-11  1.36292E-13  1.29632E-10  1.07770E-09
 2422.   8.24941E-04  8.53830E-07  5.76627E-07  4.04470E-11  4.03756E-10  6.27318E-11  1.36292E-13  1.29632E-10  1.07770E-09
 2423.   8.24941E-04  8.53830E-07  5.76627E-07  4.04470E-11  4.03756E-10  6.27318E-11  1.36292E-13  1.29632E-10  1.07770E-09
 2424.   8.24941E-04  8.53830E-07  5.76627E-07  4.04470E-11  4.03756E-10  6.27318E-11  1.36292E-13  1.29632E-10  1.07770E-09
 2425.   8.24941E-04  8.53830E-07  5.76627E-07  4.04470E-11  4.03756E-10  6.27318E-11  1.36292E-13  1.29632E-10  1.07770E-09
 2426.   8.24941E-04  8.53830E-07  5.76627E-07  4.04470E-11  4.03756E-10  6.27318E-11  1.36292E-13  1.29632E-10  1.07770E-09
 2427.   8.24941E-04  8.53830E-07  5.76627E-07  4.04470E-11  4.03756E-10  6.27318E-11  1.36292E-13  1.29632E-10  1.07770E-09
 2428.   8.24941E-04  8.53830E-07  5.76627E-07  4.04470E-11  4.03756E-10  6.27318E-11  1.36292E-13  1.29632E-10  1.07770E-09
 2429.   8.24941E-04  8.53830E-07  5.76627E-07  4.04470E-11  4.03756E-10  6.27318E-11  1.36292E-13  1.29632E-10  1.07770E-09
 2430.   8.24941E-04  8.53830E-07  5.76627E-07  4.04470E-11  4.03756E-10  6.27318E-11  1.36292E-13  1.29632E-10  1.07770E-09
 2431.   8.24941E-04  8.53830E-07  5.76627E-07  4.04470E-11  4.03756E-10  6.27318E-11  1.36292E-13  1.29632E-10  1.07770E-09
 2432.   8.24941E-04  8.53830E-07  5.76627E-07  4.04470E-11  4.03756E-10  6.27318E-11  1.36292E-13  1.29632E-10  1.07770E-09
 2433.   8.24941E-04  8.53830E-07  5.76627E-07  4.04470E-11  4.03756E-10  6.27318E-11  1.36292E-13  1.29632E-10  1.07770E-09
 2434.   8.24941E-04  8.53830E-07  5.76627E-07  4.04470E-11  4.03756E-10  6.27318E-11  1.36292E-13  1.29632E-10  1.07770E-09
 2435.   8.24941E-04  8.53830E-07  5.76627E-07  4.04470E-11  4.03756E-10  6.27318E-11  1.36292E-13  1.29632E-10  1.07770E-09
 2436.   8.24941E-04  8.53830E-07  5.76627E-07  4.04470E-11  4.03756E-10  6.27318E-11  1.36292E-13  1.29632E-10  1.07770E-09
 2437.   8.24941E-04  8.53830E-07  5.76627E-07  4.04470E-11  4.03756E-10  6.27318E-11  1.36292E-13  1.29632E-10  1.07770E-09
 2438.   8.24941E-04  8.53830E-07  5.76627E-07  4.04470E-11  4.03756E-10  6.27318E-11  1.36292E-13  1.29632E-10  1.07770E-09
 2439.   8.24941E-04  8.53830E-07  5.76627E-07  4.04470E-11  4.03756E-10  6.27318E-11  1.36292E-13  1.29632E-10  1.07770E-09
 2440.   8.24941E-04  8.53830E-07  5.76627E-07  4.04470E-11  4.03756E-10  6.27318E-11  1.36292E-13  1.29632E-10  1.07770E-09
 2441.   8.24941E-04  8.53830E-07  5.76627E-07  4.04470E-11  4.03756E-10  6.27318E-11  1.36292E-13  1.29632E-10  1.07770E-09
 2442.   8.24941E-04  8.53830E-07  5.76627E-07  4.04470E-11  4.03756E-10  6.27318E-11  1.36292E-13  1.29632E-10  1.07770E-09
 2443.   8.24941E-04  8.53830E-07  5.76627E-07  4.04470E-11  4.03756E-10  6.27318E-11  1.36292E-13  1.29632E-10  1.07770E-09
 2444.   8.24941E-04  8.53830E-07  5.76627E-07  4.04470E-11  4.03756E-10  6.27318E-11  1.36292E-13  1.29632E-10  1.07770E-09
 2445.   8.24941E-04  8.53830E-07  5.76627E-07  4.04470E-11  4.03756E-10  6.27318E-11  1.36292E-13  1.29632E-10  1.07770E-09
 2446.   8.24941E-04  8.53830E-07  5.76627E-07  4.04470E-11  4.03756E-10  6.27318E-11  1.36292E-13  1.29632E-10  1.07770E-09
 2447.   8.24941E-04  8.53830E-07  5.76627E-07  4.04470E-11  4.03756E-10  6.27318E-11  1.36292E-13  1.29632E-10  1.07770E-09
 2448.   8.24941E-04  8.53830E-07  5.76627E-07  4.04470E-11  4.03756E-10  6.27318E-11  1.36292E-13  1.29632E-10  1.07770E-09
 2449.   8.24941E-04  8.53830E-07  5.76627E-07  4.04470E-11  4.03756E-10  6.27318E-11  1.36292E-13  1.29632E-10  1.07770E-09
 2450.   8.24941E-04  8.53830E-07  5.76627E-07  4.04470E-11  4.03756E-10  6.27318E-11  1.36292E-13  1.29632E-10  1.07770E-09
 2451.   8.24941E-04  8.53830E-07  5.76627E-07  4.04470E-11  4.03756E-10  6.27318E-11  1.36292E-13  1.29632E-10  1.07770E-09
 2452.   8.24941E-04  8.53830E-07  5.76627E-07  4.04470E-11  4.03756E-10  6.27318E-11  1.36292E-13  1.29632E-10  1.07770E-09
 2453.   8.24941E-04  8.53830E-07  5.76627E-07  4.04470E-11  4.03756E-10  6.27318E-11  1.36292E-13  1.29632E-10  1.07770E-09
 2454.   8.24941E-04  8.53830E-07  5.76627E-07  4.04470E-11  4.03756E-10  6.27318E-11  1.36292E-13  1.29632E-10  1.07770E-09
 2455.   8.24941E-04  8.53830E-07  5.76627E-07  4.04470E-11  4.03756E-10  6.27318E-11  1.36292E-13  1.29632E-10  1.07770E-09
 2456.   8.24941E-04  8.53830E-07  5.76627E-07  4.04470E-11  4.03756E-10  6.27318E-11  1.36292E-13  1.29632E-10  1.07770E-09
 2457.   8.24941E-04  8.53830E-07  5.76627E-07  4.04470E-11  4.03756E-10  6.27318E-11  1.36292E-13  1.29632E-10  1.07770E-09
 2458.   8.24941E-04  8.53830E-07  5.76627E-07  4.04470E-11  4.03756E-10  6.27318E-11  1.36292E-13  1.29632E-10  1.07770E-09
 2459.   8.24941E-04  8.53830E-07  5.76627E-07  4.04470E-11  4.03756E-10  6.27318E-11  1.36292E-13  1.29632E-10  1.07770E-09
 2460.   8.24941E-04  8.53830E-07  5.76627E-07  4.04470E-11  4.03756E-10  6.27318E-11  1.36292E-13  1.29632E-10  1.07770E-09
 2461.   8.24941E-04  8.53830E-07  5.76627E-07  4.04470E-11  4.03756E-10  6.27318E-11  1.36292E-13  1.29632E-10  1.07770E-09
 2462.   8.24941E-04  8.53830E-07  5.76627E-07  4.04470E-11  4.03756E-10  6.27318E-11  1.36292E-13  1.29632E-10  1.07770E-09
 2463.   8.24941E-04  8.53830E-07  5.76627E-07  4.04470E-11  4.03756E-10  6.27318E-11  1.36292E-13  1.29632E-10  1.07770E-09
 2464.   8.24941E-04  8.53830E-07  5.76627E-07  4.04470E-11  4.03756E-10  6.27318E-11  1.36292E-13  1.29632E-10  1.07770E-09
 2465.   8.24941E-04  8.53830E-07  5.76627E-07  4.04470E-11  4.03756E-10  6.27318E-11  1.36292E-13  1.29632E-10  1.07770E-09
 2466.   8.24941E-04  8.53830E-07  5.76627E-07  4.04470E-11  4.03756E-10  6.27318E-11  1.36292E-13  1.29632E-10  1.07770E-09
 2467.   8.24941E-04  8.53830E-07  5.76627E-07  4.04470E-11  4.03756E-10  6.27318E-11  1.36292E-13  1.29632E-10  1.07770E-09
 2468.   8.24941E-04  8.53830E-07  5.76627E-07  4.04470E-11  4.03756E-10  6.27318E-11  1.36292E-13  1.29632E-10  1.07770E-09
 2469.   8.24941E-04  8.53830E-07  5.76627E-07  4.04470E-11  4.03756E-10  6.27318E-11  1.36292E-13  1.29632E-10  1.07770E-09
 2470.   8.24941E-04  8.53830E-07  5.76627E-07  4.04470E-11  4.03756E-10  6.27318E-11  1.36292E-13  1.29632E-10  1.07770E-09
 2471.   8.24941E-04  8.53830E-07  5.76627E-07  4.04470E-11  4.03756E-10  6.27318E-11  1.36292E-13  1.29632E-10  1.07770E-09
 2472.   8.24941E-04  8.53830E-07  5.76627E-07  4.04470E-11  4.03756E-10  6.27318E-11  1.36292E-13  1.29632E-10  1.07770E-09
 2473.   8.24941E-04  8.53830E-07  5.76627E-07  4.04470E-11  4.03756E-10  6.27318E-11  1.36292E-13  1.29632E-10  1.07770E-09
 2474.   8.24941E-04  8.53830E-07  5.76627E-07  4.04470E-11  4.03756E-10  6.27318E-11  1.36292E-13  1.29632E-10  1.07770E-09
 2475.   8.24941E-04  8.53830E-07  5.76627E-07  4.04470E-11  4.03756E-10  6.27318E-11  1.36292E-13  1.29632E-10  1.07770E-09
 2476.   8.24941E-04  8.53830E-07  5.76627E-07  4.04470E-11  4.03756E-10  6.27318E-11  1.36292E-13  1.29632E-10  1.07770E-09
 2477.   8.24941E-04  8.53830E-07  5.76627E-07  4.04470E-11  4.03756E-10  6.27318E-11  1.36292E-13  1.29632E-10  1.07770E-09
 2478.   8.24941E-04  8.53830E-07  5.76627E-07  4.04470E-11  4.03756E-10  6.27318E-11  1.36292E-13  1.29632E-10  1.07770E-09
 2479.   8.24941E-04  8.53830E-07  5.76627E-07  4.04470E-11  4.03756E-10  6.27318E-11  1.36292E-13  1.29632E-10  1.07770E-09
 2480.   8.24941E-04  8.53830E-07  5.76627E-07  4.04470E-11  4.03756E-10  6.27318E-11  1.36292E-13  1.29632E-10  1.07770E-09
 2481.   8.24941E-04  8.53830E-07  5.76627E-07  4.04470E-11  4.03756E-10  6.27318E-11  1.36292E-13  1.29632E-10  1.07770E-09
 2482.   8.24941E-04  8.53830E-07  5.76627E-07  4.04470E-11  4.03756E-10  6.27318E-11  1.36292E-13  1.29632E-10  1.07770E-09
 2483.   8.24941E-04  8.53830E-07  5.76627E-07  4.04470E-11  4.03756E-10  6.27318E-11  1.36292E-13  1.29632E-10  1.07770E-09
 2484.   8.24941E-04  8.53830E-07  5.76627E-07  4.04470E-11  4.03756E-10  6.27318E-11  1.36292E-13  1.29632E-10  1.07770E-09
 2485.   8.24941E-04  8.53830E-07  5.76627E-07  4.04470E-11  4.03756E-10  6.27318E-11  1.36292E-13  1.29632E-10  1.07770E-09
 2486.   8.24941E-04  8.53830E-07  5.76627E-07  4.04470E-11  4.03756E-10  6.27318E-11  1.36292E-13  1.29632E-10  1.07770E-09
 2487.   8.24941E-04  8.53830E-07  5.76627E-07  4.04470E-11  4.03756E-10  6.27318E-11  1.36292E-13  1.29632E-10  1.07770E-09
 2488.   8.24941E-04  8.53830E-07  5.76627E-07  4.04470E-11  4.03756E-10  6.27318E-11  1.36292E-13  1.29632E-10  1.07770E-09
 2489.   8.24941E-04  8.53830E-07  5.76627E-07  4.04470E-11  4.03756E-10  6.27318E-11  1.36292E-13  1.29632E-10  1.07770E-09
 2490.   8.24941E-04  8.53830E-07  5.76627E-07  4.04470E-11  4.03756E-10  6.27318E-11  1.36292E-13  1.29632E-10  1.07770E-09
 2491.   8.24941E-04  8.53830E-07  5.76627E-07  4.04470E-11  4.03756E-10  6.27318E-11  1.36292E-13  1.29632E-10  1.07770E-09
 2492.   8.24941E-04  8.53830E-07  5.76627E-07  4.04470E-11  4.03756E-10  6.27318E-11  1.36292E-13  1.29632E-10  1.07770E-09
 2493.   8.24941E-04  8.53830E-07  5.76627E-07  4.04470E-11  4.03756E-10  6.27318E-11  1.36292E-13  1.29632E-10  1.07770E-09
 2494.   8.24941E-04  8.53830E-07  5.76627E-07  4.04470E-11  4.03756E-10  6.27318E-11  1.36292E-13  1.29632E-10  1.07770E-09
 2495.   8.24941E-04  8.53830E-07  5.76627E-07  4.04470E-11  4.03756E-10  6.27318E-11  1.36292E-13  1.29632E-10  1.07770E-09
 2496.   8.24941E-04  8.53830E-07  5.76627E-07  4.04470E-11  4.03756E-10  6.27318E-11  1.36292E-13  1.29632E-10  1.07770E-09
 2497.   8.24941E-04  8.53830E-07  5.76627E-07  4.04470E-11  4.03756E-10  6.27318E-11  1.36292E-13  1.29632E-10  1.07770E-09
 2498.   8.24941E-04  8.53830E-07  5.76627E-07  4.04470E-11  4.03756E-10  6.27318E-11  1.36292E-13  1.29632E-10  1.07770E-09
 2499.   8.24941E-04  8.53830E-07  5.76627E-07  4.04470E-11  4.03756E-10  6.27318E-11  1.36292E-13  1.29632E-10  1.07770E-09
 2500.   8.24941E-04  8.53830E-07  5.76627E-07  4.04470E-11  4.03756E-10  6.27318E-11  1.36292E-13  1.29632E-10  1.07770E-09
