101 RECORDS in this file.
#
1|    1 |    0 |  290 |DAILY ACCUMULATED LAKE FLUX KG/M2   |
2|    2 |    0 |    1 |    1 |    5 |   -1 |   -1 |    0 |    0 |    0 |    0 |
3| 000000001000000000000000000000 | 00000000000000000001 |    3 |
4|    1 |    2 | -99  -99  -99  -99  -99  -99  -99  -99  -99  -99 |
5|    0 | 1907 |    0 |  129 |    0 |    0 |    0 | 9999 |  000 |
#
1|   1  |    2 |  284 | SULPHATE OPTICAL DEPTH             |
2|   0  |    0 |    3 |    1 |    5 |   -1 |   -1 |    1 |    1 |    1 |    0 |
3| 000000000000000000000000000000 | 00000000000000000111 |    3 |
4|    1 |    2 | -99  -99  -99  -99  -99  -99  -99  -99  -99  -99 |
5|    0 |    0 |    0 |  133 |    0 |    0 |    0 |    0 |    0 |
#
1|   1  |    2 |  285 | MINERAL DUST OPTICAL DEPTH         |
2|   0  |    0 |    3 |    1 |    5 |   -1 |   -1 |    1 |    1 |    1 |    0 |
3| 000000000000000000000000000000 | 00000000000000000111 |    3 |
4|    1 |    2 | -99  -99  -99  -99  -99  -99  -99  -99  -99  -99 |
5|    0 |    0 |    0 |  133 |    0 |    0 |    0 |    0 |    0 |
#
1|   1  |    2 |  286 | SEA SALT OPTICAL DEPTH             |
2|   0  |    0 |    3 |    1 |    5 |   -1 |   -1 |    1 |    1 |    1 |    0 |
3| 000000000000000000000000000000 | 00000000000000000111 |    3 |
4|    1 |    2 | -99  -99  -99  -99  -99  -99  -99  -99  -99  -99 |
5|    0 |    0 |    0 |  133 |    0 |    0 |    0 |    0 |    0 |
#
1|   1  |    2 |  287 | SOOT OPTICAL DEPTH                 |
2|   0  |    0 |    3 |    1 |    5 |   -1 |   -1 |    1 |    1 |    1 |    0 |
3| 000000000000000000000000000000 | 00000000000000000111 |    3 |
4|    1 |    2 | -99  -99  -99  -99  -99  -99  -99  -99  -99  -99 |
5|    0 |    0 |    0 |  133 |    0 |    0 |    0 |    0 |    0 |
#
1|   1  |    2 |  288 | BIOMASS OPTICAL DEPTH              |
2|   0  |    0 |    3 |    1 |    5 |   -1 |   -1 |    1 |    1 |    1 |    0 |
3| 000000000000000000000000000000 | 00000000000000000111 |    3 |
4|    1 |    2 | -99  -99  -99  -99  -99  -99  -99  -99  -99  -99 |
5|    0 |    0 |    0 |  133 |    0 |    0 |    0 |    0 |    0 |
#
1|   1  |    2 |  289 | BIOGENIC OPTICAL DEPTH             |
2|   0  |    0 |    3 |    1 |    5 |   -1 |   -1 |    1 |    1 |    1 |    0 |
3| 000000000000000000000000000000 | 00000000000000000111 |    3 |
4|    1 |    2 | -99  -99  -99  -99  -99  -99  -99  -99  -99  -99 |
5|    0 |    0 |    0 |  133 |    0 |    0 |    0 |    0 |    0 |
#
1|    1 |    0 |  222 |NET ENERGY CHANGE THIS PERIOD J/M**2|
2|    2 |    0 |    1 |    1 |    5 |   -1 |   -1 |    0 |    0 |    0 |    0 |
3| 000000000000000000000080000000 | 00000000000000000001 |    3 |
4|    1 |    2 | -99  -99  -99  -99  -99   30  -99  -99  -99  -99 |
5|    0 |  259 |    0 |    0 |    0 |    0 |    0 |    0 |    0 |
#
1|    1 |    0 |  235 |NET MOISTURE FLUX IN PERIOD KG/M**2 |
2|    2 |    0 |    1 |    1 |    5 |   -1 |   -1 |    0 |    0 |    0 |    0 |
3| 000000000000000000000080000000 | 00000000000000000001 |    3 |
4|    1 |    2 | -99  -99  -99  -99  -99   30  -99  -99  -99  -99 |
5|    0 |  113 |    0 |    0 |    0 |    0 |    0 |    0 |    0 |
#
1|    1 |    0 |  511 |INLANDBASINFLOW ATM GRID    KG/M2/S |
2|    3 |    0 |    1 |   21 |    5 |   -1 |   -1 |    0 |    0 |    0 |    0 |
3| 000000001000000000000000000000 | 00000000000000000001 |    3 |
4|    1 |  122 | -99  -99  -99  -99  -99  -99  -99  -99  -99  -99 |
5|    0 | 1907 |    0 |  129 |    0 |    0 |    0 | 9999 |  000 |
#
1|    1 |   26 |    6 |INLANDBASINFLOW TRIP GRID      KG/S |
2|    0 |    0 |   16 |   23 |    5 |   -1 |   -1 |    0 |    0 |    0 |    0 |
3| 000000001000000000000000000000 | 00000000000000000001 |    3 |
4|    1 |    2 | -99  -99  -99  -99  -99  -99  -99  -99  -99  -99 |
5|    0 | 1906 |    0 |  129 |    0 |    0 |    0 | 9999 |  000 |
#
1|    1 |    8 |  245 |INLANDBASINFLOW ATM GRID    KG/M2/S |
2|    0 |    0 |   16 |    2 |    5 |   -1 |   -1 |    0 |    0 |    0 |    0 |
3| 000000001000000000000000000000 | 00000000000001010001 |    3 |
4|    1 |    2 | -99  -99  -99  -99  -99  -99  -99  -99  -99  -99 |
5|    0 | 1907 |    0 |  129 |    0 |    0 |    0 | 9999 |  000 |
#
1|    1 |    0 |  155 |ACCUMULATED SURFACE RUNOFF     KG/M2|
2|    3 |    0 |    1 |   21 |    5 |   -1 |   -1 |    0 |    0 |    0 |    0 |
3| 000000001000000000000000000000 | 00000000000000000001 |    3 |
4|    1 |    2 | -99  -99  -99  -99  -99  -99  -99  -99  -99  -99 |
5|    0 | 1907 |    0 |  129 |    0 |    0 |    0 | 9999 |  000 |
#
1|    1 |    0 |  156 |ACCUMULATED SUB-SURFACE RUNOFF KG/M2|
2|    3 |    0 |    1 |   21 |    5 |   -1 |   -1 |    0 |    0 |    0 |    0 |
3| 000000001000000000000000000000 | 00000000000000000001 |    3 |
4|    1 |    2 | -99  -99  -99  -99  -99  -99  -99  -99  -99  -99 |
5|    0 | 1908 |    0 |  129 |    0 |    0 |    0 | 9999 |  000 |
#
1|    1 |    0 |  157 |GRIDBOX AREAS                     M2|
2|    3 |    0 |    1 |    1 |    5 |   -1 |   -1 |    0 |    0 |    0 |    0 |
3| 000000001000000000000000000000 | 00000000000000000001 |    3 |
4|    1 |    2 | -99  -99  -99  -99  -99  -99  -99  -99  -99  -99 |
5|    0 | 1909 |    0 |  129 |    0 |    0 |    0 | 9999 |  000 |
#
1|    1 |    0 |  101 |SO2 MASS MIXING RATIO  AFTER TSTEP  |
2|    2 |    0 |    1 |    1 |    2 |    1 |    2 |    0 |    0 |    0 |    0 |
3| 000000000000000000001000000000 | 00000000000000000001 |    1 |
4|    1 |    0 | -99  -99  -99  -99  -99  -99  -99  -99  -99  -99 |
5|    0 | 1374 |    0 |   65 |    0 |    0 |    0 | 9999 |    0 |
#
1|    1 |    0 |  102 |DIMETHYL SULPHIDE MIX RAT AFTER TS  |
2|    2 |    0 |    1 |    1 |    2 |    1 |    2 |    0 |    0 |    0 |    0 |
3| 000000000000000000005000000000 | 00000000000000000001 |    1 |
4|    1 |    0 | -99  -99  -99  -99  -99  -99  -99  -99  -99  -99 |
5|    0 | 1373 |    0 |   65 |    0 |    0 |    0 | 9999 |    0 |
#
1|    1 |    0 |  103 |SO4 AITKEN MODE AEROSOL AFTER TSTEP |
2|    2 |    0 |    1 |    1 |    2 |    1 |    2 |    0 |    0 |    0 |    0 |
3| 000000000000000000001000000000 | 00000000000000000001 |    1 |
4|    1 |    0 | -99  -99  -99  -99  -99  -99  -99  -99  -99  -99 |
5|    0 | 1370 |    0 |   65 |    0 |    0 |    0 | 9999 |    0 |
#
1|    1 |    0 |  104 |SO4 ACCUM. MODE AEROSOL AFTER TSTEP |
2|    2 |    0 |    1 |    1 |    2 |    1 |    2 |    0 |    0 |    0 |    0 |
3| 000000000000000000001000000000 | 00000000000000000001 |    1 |
4|    1 |    0 | -99  -99  -99  -99  -99  -99  -99  -99  -99  -99 |
5|    0 | 1371 |    0 |   65 |    0 |    0 |    0 | 9999 |    0 |
#
1|    1 |    0 |  105 |SO4 DISSOLVED AEROSOL AFTER TSTEP   |
2|    2 |    0 |    1 |    1 |    2 |    1 |    2 |    0 |    0 |    0 |    0 |
3| 000000000000000000001000000000 | 00000000000000000001 |    1 |
4|    1 |    0 | -99  -99  -99  -99  -99  -99  -99  -99  -99  -99 |
5|    0 | 1372 |    0 |   65 |    0 |    0 |    0 | 9999 |    0 |
#
1|    1 |    0 |  106 |H2O2 MASS MIXING RATIO AFTER TSTEP  |
2|    2 |    0 |    1 |    1 |    2 |    1 |    2 |    0 |    0 |    0 |    0 |
3| 000000000000000000001000000000 | 00000000000000000001 |    1 |
4|    1 |    0 | -99  -99  -99  -99  -99  -99  -99  -99  -99  -99 |
5|    0 |  581 |    0 |   65 |    0 |    0 |    0 | 9999 |    0 |
#
1|    1 |    0 |  107 |NH3 MASS MIXING RATIO  AFTER TSTEP  |
2|    2 |    0 |    1 |    1 |    2 |    1 |    2 |    0 |    0 |    0 |    0 |
3| 000000000000000000008000000000 | 00000000000000000001 |    1 |
4|    1 |    0 | -99  -99  -99  -99  -99  -99  -99  -99  -99  -99 |
5|    0 | 1379 |    0 |   65 |    0 |    0 |    0 | 9999 |    0 |
#
1|    1 |    0 |  108 |FRESH SOOT MASS MIX RAT AFTER TSTEP |
2|    2 |    0 |    1 |    1 |    2 |    1 |    2 |    0 |    0 |    0 |    0 |
3| 000000000000000010000000000000 | 00000000000000000001 |    1 |
4|    1 |    0 | -99  -99  -99  -99  -99  -99  -99  -99  -99  -99 |
5|    0 | 1491 |    0 |   65 |    0 |    0 |    0 | 9999 |    0 |
#
1|    1 |    0 |  109 |AGED SOOT MASS MIX RAT  AFTER TSTEP |
2|    2 |    0 |    1 |    1 |    2 |    1 |    2 |    0 |    0 |    0 |    0 |
3| 000000000000000010000000000000 | 00000000000000000001 |    1 |
4|    1 |    0 | -99  -99  -99  -99  -99  -99  -99  -99  -99  -99 |
5|    0 | 1492 |    0 |   65 |    0 |    0 |    0 | 9999 |    0 |
#
1|    1 |    0 |  110 |CLOUD SOOT MASS MIX RAT AFTER TSTEP |
2|    2 |    0 |    1 |    1 |    2 |    1 |    2 |    0 |    0 |    0 |    0 |
3| 000000000000000010000000000000 | 00000000000000000001 |    1 |
4|    1 |    0 | -99  -99  -99  -99  -99  -99  -99  -99  -99  -99 |
5|    0 | 1493 |    0 |   65 |    0 |    0 |    0 | 9999 |    0 |
#
1|    1 |    0 |  114 |FRESH OCFF MASS MIX RAT AFTER TSTEP |
2|    2 |    0 |    1 |    1 |    2 |    1 |    2 |    0 |    0 |    0 |    0 |
3| 010000000000000000000000000000 | 00000000000000000001 |    1 |
4|    1 |    0 | -99  -99  -99  -99  -99  -99  -99  -99  -99  -99 |
5|    0 | 1491 |    0 |   65 |    0 |    0 |    0 | 9999 |    0 |
#
1|    1 |    0 |  115 | AGED OCFF MASS MIX RAT AFTER TSTEP |
2|    2 |    0 |    1 |    1 |    2 |    1 |    2 |    0 |    0 |    0 |    0 |
3| 010000000000000000000000000000 | 00000000000000000001 |    1 |
4|    1 |    0 | -99  -99  -99  -99  -99  -99  -99  -99  -99  -99 |
5|    0 | 1491 |    0 |   65 |    0 |    0 |    0 | 9999 |    0 |
#
1|    1 |    0 |  116 |CLOUD OCFF MASS MIX RAT AFTER TSTEP |
2|    2 |    0 |    1 |    1 |    2 |    1 |    2 |    0 |    0 |    0 |    0 |
3| 010000000000000000000000000000 | 00000000000000000001 |    1 |
4|    1 |    0 | -99  -99  -99  -99  -99  -99  -99  -99  -99  -99 |
5|    0 | 1491 |    0 |   65 |    0 |    0 |    0 | 9999 |    0 |
#
1|    1 |    0 |  251 |CO2 SURFACE EMISSIONS      KG/M**2/S|
2|    2 |    0 |    1 |    1 |    5 |   -1 |   -1 |    0 |    0 |    0 |    0 |
3| 000000000000000000000000000000 | 00000000000000000001 |    3 |
4|    1 |    2 | -99  -99  -99  -99  -99  -99  -99  -99  -99  -99 |
5|    0 | 1561 |    0 |  129 |    0 |    0 |    0 |    0 |    0 |
#
1|    1 |    0 |  252 |CO2 3D TRACER      MASS MIXING RATIO|
2|    2 |    0 |    1 |    1 |    2 |    1 |    2 |    0 |    0 |    0 |    0 |
3| 000000000000000000000000000000 | 00000000000000000001 |    1 |
4|    1 |    2 | -99  -99  -99  -99  -99  -99  -99  -99  -99  -99 |
5|    0 | 1564 |    0 |   65 |    0 |    0 |    0 | 9999 |    0 |
#
1|    1 |    3 |  326 |CO2 LAND SURFACE FLUX     KG/M**2/S |
2|    0 |    0 |    1 |    2 |    5 |   -1 |   -1 |    0 |    0 |    0 |    0 |
3| 000000000000000000000000000000 | 00000000000010000000 |    3 |
4|    1 |    2 | -99  -99  -99  -99  -99  -99  -99  -99  -99  -99 |
5|    0 | 1562 |    0 |  129 |    0 |    0 |    0 |    0 |    0 |
#
1|    1 |    3 |  327 |CO2 TOTAL FLUX TO ATMOS   KG/M**2/S |
2|    0 |    0 |    1 |    1 |    5 |   -1 |   -1 |    0 |    0 |    0 |    0 |
3| 000000000000000000000000000000 | 00000000000010000000 |    3 |
4|    1 |    2 | -99  -99  -99  -99  -99  -99  -99  -99  -99  -99 |
5|    0 | 1563 |    0 |  129 |    0 |    0 |    0 |    0 |    0 |
#
1|    1 |    0 |  801 |SOIL LAYER 1 TEMPERATURE ON TILES   |
2|    3 |    0 |    1 |   21 |    5 |   -1 |   -1 |    9 |    1 |    9 |    0 |
3| 000000000000000000020000000000 | 00000000000000000001 |    3 |
4|    1 |  122 | -99  -99  -99  -99  -99  -99  -99  -99  -99  -99 |
5|    0 | 1510 |    0 |  129 |    0 |    0 |    0 | 9999 |    0 |
#
1|    1 |    0 |  802 |SOIL LAYER 2 TEMPERATURE ON TILES   |
2|    3 |    0 |    1 |   21 |    5 |   -1 |   -1 |    9 |    1 |    9 |    0 |
3| 000000000000000000020000000000 | 00000000000000000001 |    3 |
4|    1 |  122 | -99  -99  -99  -99  -99  -99  -99  -99  -99  -99 |
5|    0 | 1510 |    0 |  129 |    0 |    0 |    0 | 9999 |    0 |
#
1|    1 |    0 |  803 |SOIL LAYER 3 TEMPERATURE ON TILES   |
2|    3 |    0 |    1 |   21 |    5 |   -1 |   -1 |    9 |    1 |    9 |    0 |
3| 000000000000000000020000000000 | 00000000000000000001 |    3 |
4|    1 |  122 | -99  -99  -99  -99  -99  -99  -99  -99  -99  -99 |
5|    0 | 1510 |    0 |  129 |    0 |    0 |    0 | 9999 |    0 |
#
1|    1 |    0 |  804 |SOIL LAYER 4 TEMPERATURE ON TILES   |
2|    3 |    0 |    1 |   21 |    5 |   -1 |   -1 |    9 |    1 |    9 |    0 |
3| 000000000000000000020000000000 | 00000000000000000001 |    3 |
4|    1 |  122 | -99  -99  -99  -99  -99  -99  -99  -99  -99  -99 |
5|    0 | 1510 |    0 |  129 |    0 |    0 |    0 | 9999 |    0 |
#
1|    1 |    0 |  805 |SOIL LAYER 5 TEMPERATURE ON TILES   |
2|    3 |    0 |    1 |   21 |    5 |   -1 |   -1 |    9 |    1 |    9 |    0 |
3| 000000000000000000020000000000 | 00000000000000000001 |    3 |
4|    1 |  122 | -99  -99  -99  -99  -99  -99  -99  -99  -99  -99 |
5|    0 | 1510 |    0 |  129 |    0 |    0 |    0 | 9999 |    0 |
#
1|    1 |    0 |  806 |SOIL LAYER 6 TEMPERATURE ON TILES   |
2|    3 |    0 |    1 |   21 |    5 |   -1 |   -1 |    9 |    1 |    9 |    0 |
3| 000000000000000000020000000000 | 00000000000000000001 |    3 |
4|    1 |  122 | -99  -99  -99  -99  -99  -99  -99  -99  -99  -99 |
5|    0 | 1510 |    0 |  129 |    0 |    0 |    0 | 9999 |    0 |
#
1|    1 |    0 |  807 |SOIL MOISTURE LAYER 1 (ON TILES)    |
2|    3 |    0 |    1 |   21 |    5 |   -1 |   -1 |    9 |    1 |    9 |    0 |
3| 000000000000000000020000000000 | 00000000000000000001 |    3 |
4|    1 |  122 | -99  -99  -99  -99  -99  -99  -99  -99  -99  -99 |
5|    0 | 1510 |    0 |  129 |    0 |    0 |    0 | 9999 |    0 |
#
1|    1 |    0 |  808 |SOIL MOISTURE LAYER 2 (ON TILES)    |
2|    3 |    0 |    1 |   21 |    5 |   -1 |   -1 |    9 |    1 |    9 |    0 |
3| 000000000000000000020000000000 | 00000000000000000001 |    3 |
4|    1 |  122 | -99  -99  -99  -99  -99  -99  -99  -99  -99  -99 |
5|    0 | 1510 |    0 |  129 |    0 |    0 |    0 | 9999 |    0 |
#
1|    1 |    0 |  809 |SOIL MOISTURE LAYER 3 (ON TILES)    |
2|    3 |    0 |    1 |   21 |    5 |   -1 |   -1 |    9 |    1 |    9 |    0 |
3| 000000000000000000020000000000 | 00000000000000000001 |    3 |
4|    1 |  122 | -99  -99  -99  -99  -99  -99  -99  -99  -99  -99 |
5|    0 | 1510 |    0 |  129 |    0 |    0 |    0 | 9999 |    0 |
#
1|    1 |    0 |  810 |SOIL MOISTURE LAYER 4 (ON TILES)    |
2|    3 |    0 |    1 |   21 |    5 |   -1 |   -1 |    9 |    1 |    9 |    0 |
3| 000000000000000000020000000000 | 00000000000000000001 |    3 |
4|    1 |  122 | -99  -99  -99  -99  -99  -99  -99  -99  -99  -99 |
5|    0 | 1510 |    0 |  129 |    0 |    0 |    0 | 9999 |    0 |
#
1|    1 |    0 |  811 |SOIL MOISTURE LAYER 5 (ON TILES)    |
2|    3 |    0 |    1 |   21 |    5 |   -1 |   -1 |    9 |    1 |    9 |    0 |
3| 000000000000000000020000000000 | 00000000000000000001 |    3 |
4|    1 |  122 | -99  -99  -99  -99  -99  -99  -99  -99  -99  -99 |
5|    0 | 1510 |    0 |  129 |    0 |    0 |    0 | 9999 |    0 |
#
1|    1 |    0 |  812 |SOIL MOISTURE LAYER 6 (ON TILES)    |
2|    3 |    0 |    1 |   21 |    5 |   -1 |   -1 |    9 |    1 |    9 |    0 |
3| 000000000000000000020000000000 | 00000000000000000001 |    3 |
4|    1 |  122 | -99  -99  -99  -99  -99  -99  -99  -99  -99  -99 |
5|    0 | 1510 |    0 |  129 |    0 |    0 |    0 | 9999 |    0 |
#
1|    1 |    0 |  813 |FROZEN SOIL MOIST FRAC LYR 1 (TILES)|
2|    3 |    0 |    1 |   21 |    5 |   -1 |   -1 |    9 |    1 |    9 |    0 |
3| 000000000000000000020000000000 | 00000000000000000001 |    3 |
4|    1 |  122 | -99  -99  -99  -99  -99  -99  -99  -99  -99  -99 |
5|    0 | 1510 |    0 |  129 |    0 |    0 |    0 | 9999 |    0 |
#
1|    1 |    0 |  814 |FROZEN SOIL MOIST FRAC LYR 2 (TILES)|
2|    3 |    0 |    1 |   21 |    5 |   -1 |   -1 |    9 |    1 |    9 |    0 |
3| 000000000000000000020000000000 | 00000000000000000001 |    3 |
4|    1 |  122 | -99  -99  -99  -99  -99  -99  -99  -99  -99  -99 |
5|    0 | 1510 |    0 |  129 |    0 |    0 |    0 | 9999 |    0 |
#
1|    1 |    0 |  815 |FROZEN SOIL MOIST FRAC LYR 3 (TILES)|
2|    3 |    0 |    1 |   21 |    5 |   -1 |   -1 |    9 |    1 |    9 |    0 |
3| 000000000000000000020000000000 | 00000000000000000001 |    3 |
4|    1 |  122 | -99  -99  -99  -99  -99  -99  -99  -99  -99  -99 |
5|    0 | 1510 |    0 |  129 |    0 |    0 |    0 | 9999 |    0 |
#
1|    1 |    0 |  816 |FROZEN SOIL MOIST FRAC LYR 4 (TILES)|
2|    3 |    0 |    1 |   21 |    5 |   -1 |   -1 |    9 |    1 |    9 |    0 |
3| 000000000000000000020000000000 | 00000000000000000001 |    3 |
4|    1 |  122 | -99  -99  -99  -99  -99  -99  -99  -99  -99  -99 |
5|    0 | 1510 |    0 |  129 |    0 |    0 |    0 | 9999 |    0 |
#
1|    1 |    0 |  817 |FROZEN SOIL MOIST FRAC LYR 5 (TILES)|
2|    3 |    0 |    1 |   21 |    5 |   -1 |   -1 |    9 |    1 |    9 |    0 |
3| 000000000000000000020000000000 | 00000000000000000001 |    3 |
4|    1 |  122 | -99  -99  -99  -99  -99  -99  -99  -99  -99  -99 |
5|    0 | 1510 |    0 |  129 |    0 |    0 |    0 | 9999 |    0 |
#
1|    1 |    0 |  818 |FROZEN SOIL MOIST FRAC LYR 6 (TILES)|
2|    3 |    0 |    1 |   21 |    5 |   -1 |   -1 |    9 |    1 |    9 |    0 |
3| 000000000000000000020000000000 | 00000000000000000001 |    3 |
4|    1 |  122 | -99  -99  -99  -99  -99  -99  -99  -99  -99  -99 |
5|    0 | 1510 |    0 |  129 |    0 |    0 |    0 | 9999 |    0 |
#
1|    1 |    0 |  819 |SNOW DEPTH LAYER 1 (ON TILES)       |
2|    3 |    0 |    1 |   21 |    5 |   -1 |   -1 |    9 |    1 |    9 |    0 |
3| 000000000000000000020000000000 | 00000000000000000001 |    3 |
4|    1 |  122 | -99  -99  -99  -99  -99  -99  -99  -99  -99  -99 |
5|    0 | 1510 |    0 |  129 |    0 |    0 |    0 | 9999 |    0 |
#
1|    1 |    0 |  820 |SNOW DEPTH LAYER 2 (ON TILES)       |
2|    3 |    0 |    1 |   21 |    5 |   -1 |   -1 |    9 |    1 |    9 |    0 |
3| 000000000000000000020000000000 | 00000000000000000001 |    3 |
4|    1 |  122 | -99  -99  -99  -99  -99  -99  -99  -99  -99  -99 |
5|    0 | 1510 |    0 |  129 |    0 |    0 |    0 | 9999 |    0 |
#
1|    1 |    0 |  821 |SNOW DEPTH LAYER 3 (ON TILES)       |
2|    3 |    0 |    1 |   21 |    5 |   -1 |   -1 |    9 |    1 |    9 |    0 |
3| 000000000000000000020000000000 | 00000000000000000001 |    3 |
4|    1 |  122 | -99  -99  -99  -99  -99  -99  -99  -99  -99  -99 |
5|    0 | 1510 |    0 |  129 |    0 |    0 |    0 | 9999 |    0 |
#
1|    1 |    0 |  822 |SNOW MASS LAYER 1 (ON TILES)        |
2|    3 |    0 |    1 |   21 |    5 |   -1 |   -1 |    9 |    1 |    9 |    0 |
3| 000000000000000000020000000000 | 00000000000000000001 |    3 |
4|    1 |  122 | -99  -99  -99  -99  -99  -99  -99  -99  -99  -99 |
5|    0 | 1510 |    0 |  129 |    0 |    0 |    0 | 9999 |    0 |
#
1|    1 |    0 |  823 |SNOW MASS LAYER 2 (ON TILES)        |
2|    3 |    0 |    1 |   21 |    5 |   -1 |   -1 |    9 |    1 |    9 |    0 |
3| 000000000000000000020000000000 | 00000000000000000001 |    3 |
4|    1 |  122 | -99  -99  -99  -99  -99  -99  -99  -99  -99  -99 |
5|    0 | 1510 |    0 |  129 |    0 |    0 |    0 | 9999 |    0 |
#
1|    1 |    0 |  824 |SNOW MASS LAYER 3 (ON TILES)        |
2|    3 |    0 |    1 |   21 |    5 |   -1 |   -1 |    9 |    1 |    9 |    0 |
3| 000000000000000000020000000000 | 00000000000000000001 |    3 |
4|    1 |  122 | -99  -99  -99  -99  -99  -99  -99  -99  -99  -99 |
5|    0 | 1510 |    0 |  129 |    0 |    0 |    0 | 9999 |    0 |
#
1|    1 |    0 |  825 |SNOW TEMPERATURE LAYER 1 (ON TILES) |
2|    3 |    0 |    1 |   21 |    5 |   -1 |   -1 |    9 |    1 |    9 |    0 |
3| 000000000000000000020000000000 | 00000000000000000001 |    3 |
4|    1 |  122 | -99  -99  -99  -99  -99  -99  -99  -99  -99  -99 |
5|    0 | 1510 |    0 |  129 |    0 |    0 |    0 | 9999 |    0 |
#
1|    1 |    0 |  826 |SNOW TEMPERATURE LAYER 2 (ON TILES) |
2|    3 |    0 |    1 |   21 |    5 |   -1 |   -1 |    9 |    1 |    9 |    0 |
3| 000000000000000000020000000000 | 00000000000000000001 |    3 |
4|    1 |  122 | -99  -99  -99  -99  -99  -99  -99  -99  -99  -99 |
5|    0 | 1510 |    0 |  129 |    0 |    0 |    0 | 9999 |    0 |
#
1|    1 |    0 |  827 |SNOW TEMPERATURE LAYER 3 (ON TILES) |
2|    3 |    0 |    1 |   21 |    5 |   -1 |   -1 |    9 |    1 |    9 |    0 |
3| 000000000000000000020000000000 | 00000000000000000001 |    3 |
4|    1 |  122 | -99  -99  -99  -99  -99  -99  -99  -99  -99  -99 |
5|    0 | 1510 |    0 |  129 |    0 |    0 |    0 | 9999 |    0 |
#
1|    1 |    0 |  828 |SNOW DENSITY LAYER 1 (ON TILES)     |
2|    3 |    0 |    1 |   21 |    5 |   -1 |   -1 |    9 |    1 |    9 |    0 |
3| 000000000000000000020000000000 | 00000000000000000001 |    3 |
4|    1 |  122 | -99  -99  -99  -99  -99  -99  -99  -99  -99  -99 |
5|    0 | 1510 |    0 |  129 |    0 |    0 |    0 | 9999 |    0 |
#
1|    1 |    0 |  829 |SNOW DENSITY LAYER 2 (ON TILES)     |
2|    3 |    0 |    1 |   21 |    5 |   -1 |   -1 |    9 |    1 |    9 |    0 |
3| 000000000000000000020000000000 | 00000000000000000001 |    3 |
4|    1 |  122 | -99  -99  -99  -99  -99  -99  -99  -99  -99  -99 |
5|    0 | 1510 |    0 |  129 |    0 |    0 |    0 | 9999 |    0 |
#
1|    1 |    0 |  830 |SNOW DENSITY LAYER 3 (ON TILES)     |
2|    3 |    0 |    1 |   21 |    5 |   -1 |   -1 |    9 |    1 |    9 |    0 |
3| 000000000000000000020000000000 | 00000000000000000001 |    3 |
4|    1 |  122 | -99  -99  -99  -99  -99  -99  -99  -99  -99  -99 |
5|    0 | 1510 |    0 |  129 |    0 |    0 |    0 | 9999 |    0 |
#
1|    1 |    0 |  831 |SNOW MEAN DENSITY (ON TILES)        |
2|    3 |    0 |    1 |   21 |    5 |   -1 |   -1 |    9 |    1 |    9 |    0 |
3| 000000000000000000020000000000 | 00000000000000000001 |    3 |
4|    1 |  122 | -99  -99  -99  -99  -99  -99  -99  -99  -99  -99 |
5|    0 | 1510 |    0 |  129 |    0 |    0 |    0 | 9999 |    0 |
#
1|    1 |    0 |  832 |SNOW AGE (ON TILES)                 |
2|    3 |    0 |    1 |   21 |    5 |   -1 |   -1 |    9 |    1 |    9 |    0 |
3| 000000000000000000020000000000 | 00000000000000000001 |    3 |
4|    1 |  122 | -99  -99  -99  -99  -99  -99  -99  -99  -99  -99 |
5|    0 | 1510 |    0 |  129 |    0 |    0 |    0 | 9999 |    0 |
#
1|    1 |    0 |  833 |FLAG FOR 3 LEVEL SNOW SCHEME (TILED)|
2|    3 |    0 |    1 |   21 |    5 |   -1 |   -1 |    9 |    1 |    9 |    0 |
3| 000000000000000000020000000000 | 00000000000000000001 |    3 |
4|    2 |  122 | -99  -99  -99  -99  -99  -99  -99  -99  -99  -99 |
5|    0 | 1510 |    0 |  129 |    0 |    0 |    0 | 9999 |    0 |
#
1|    1 |    3 |  801 |SOIL LAYER 1 TEMPERATURE ON TILES   |
2|    0 |    0 |    1 |    2 |    5 |   -1 |   -1 |    9 |    1 |    9 |    0 |
3| 000000000000000000000000000000 | 00000000000010000000 |    3 |
4|    1 |    2 | -99  -99  -99  -99  -99  -99  -99  -99  -99  -99 |
5|    0 | 1510 |    0 |  129 |    0 |    0 |    0 | 9999 |  339 |
#
1|    1 |    3 |  802 |SOIL LAYER 2 TEMPERATURE ON TILES   |
2|    0 |    0 |    1 |    2 |    5 |   -1 |   -1 |    9 |    1 |    9 |    0 |
3| 000000000000000000000000000000 | 00000000000010000000 |    3 |
4|    1 |    2 | -99  -99  -99  -99  -99  -99  -99  -99  -99  -99 |
5|    0 | 1510 |    0 |  129 |    0 |    0 |    0 | 9999 |  339 |
#
1|    1 |    3 |  803 |SOIL LAYER 3 TEMPERATURE ON TILES   |
2|    0 |    0 |    1 |    2 |    5 |   -1 |   -1 |    9 |    1 |    9 |    0 |
3| 000000000000000000000000000000 | 00000000000010000000 |    3 |
4|    1 |    2 | -99  -99  -99  -99  -99  -99  -99  -99  -99  -99 |
5|    0 | 1510 |    0 |  129 |    0 |    0 |    0 | 9999 |  339 |
#
1|    1 |    3 |  804 |SOIL LAYER 4 TEMPERATURE ON TILES   |
2|    0 |    0 |    1 |    2 |    5 |   -1 |   -1 |    9 |    1 |    9 |    0 |
3| 000000000000000000000000000000 | 00000000000010000000 |    3 |
4|    1 |    2 | -99  -99  -99  -99  -99  -99  -99  -99  -99  -99 |
5|    0 | 1510 |    0 |  129 |    0 |    0 |    0 | 9999 |  339 |
#
1|    1 |    3 |  805 |SOIL LAYER 5 TEMPERATURE ON TILES   |
2|    0 |    0 |    1 |    2 |    5 |   -1 |   -1 |    9 |    1 |    9 |    0 |
3| 000000000000000000000000000000 | 00000000000010000000 |    3 |
4|    1 |    2 | -99  -99  -99  -99  -99  -99  -99  -99  -99  -99 |
5|    0 | 1510 |    0 |  129 |    0 |    0 |    0 | 9999 |  339 |
#
1|    1 |    3 |  806 |SOIL LAYER 6 TEMPERATURE ON TILES   |
2|    0 |    0 |    1 |    2 |    5 |   -1 |   -1 |    9 |    1 |    9 |    0 |
3| 000000000000000000000000000000 | 00000000000010000000 |    3 |
4|    1 |    2 | -99  -99  -99  -99  -99  -99  -99  -99  -99  -99 |
5|    0 | 1510 |    0 |  129 |    0 |    0 |    0 | 9999 |  339 |
#
1|    1 |    3 |  807 |SOIL MOISTURE LAYER 1 (ON TILES)    |
2|    0 |    0 |    1 |    2 |    5 |   -1 |   -1 |    9 |    1 |    9 |    0 |
3| 000000000000000000000000000000 | 00000000000010000000 |    3 |
4|    1 |    2 | -99  -99  -99  -99  -99  -99  -99  -99  -99  -99 |
5|    0 | 1510 |    0 |  129 |    0 |    0 |    0 | 9999 |  339 |
#
1|    1 |    3 |  808 |SOIL MOISTURE LAYER 2 (ON TILES)    |
2|    0 |    0 |    1 |    2 |    5 |   -1 |   -1 |    9 |    1 |    9 |    0 |
3| 000000000000000000000000000000 | 00000000000010000000 |    3 |
4|    1 |    2 | -99  -99  -99  -99  -99  -99  -99  -99  -99  -99 |
5|    0 | 1510 |    0 |  129 |    0 |    0 |    0 | 9999 |  339 |
#
1|    1 |    3 |  809 |SOIL MOISTURE LAYER 3 (ON TILES)    |
2|    0 |    0 |    1 |    2 |    5 |   -1 |   -1 |    9 |    1 |    9 |    0 |
3| 000000000000000000000000000000 | 00000000000010000000 |    3 |
4|    1 |    2 | -99  -99  -99  -99  -99  -99  -99  -99  -99  -99 |
5|    0 | 1510 |    0 |  129 |    0 |    0 |    0 | 9999 |  339 |
#
1|    1 |    3 |  810 |SOIL MOISTURE LAYER 4 (ON TILES)    |
2|    0 |    0 |    1 |    2 |    5 |   -1 |   -1 |    9 |    1 |    9 |    0 |
3| 000000000000000000000000000000 | 00000000000010000000 |    3 |
4|    1 |    2 | -99  -99  -99  -99  -99  -99  -99  -99  -99  -99 |
5|    0 | 1510 |    0 |  129 |    0 |    0 |    0 | 9999 |  339 |
#
1|    1 |    3 |  811 |SOIL MOISTURE LAYER 5 (ON TILES)    |
2|    0 |    0 |    1 |    2 |    5 |   -1 |   -1 |    9 |    1 |    9 |    0 |
3| 000000000000000000000000000000 | 00000000000010000000 |    3 |
4|    1 |    2 | -99  -99  -99  -99  -99  -99  -99  -99  -99  -99 |
5|    0 | 1510 |    0 |  129 |    0 |    0 |    0 | 9999 |  339 |
#
1|    1 |    3 |  812 |SOIL MOISTURE LAYER 6 (ON TILES)    |
2|    0 |    0 |    1 |    2 |    5 |   -1 |   -1 |    9 |    1 |    9 |    0 |
3| 000000000000000000000000000000 | 00000000000010000000 |    3 |
4|    1 |    2 | -99  -99  -99  -99  -99  -99  -99  -99  -99  -99 |
5|    0 | 1510 |    0 |  129 |    0 |    0 |    0 | 9999 |  339 |
#
1|    1 |    3 |  813 |FROZEN SOIL MOIST FRAC LYR 1 (TILES)|
2|    0 |    0 |    1 |    2 |    5 |   -1 |   -1 |    9 |    1 |    9 |    0 |
3| 000000000000000000000000000000 | 00000000000010000000 |    3 |
4|    1 |    2 | -99  -99  -99  -99  -99  -99  -99  -99  -99  -99 |
5|    0 | 1510 |    0 |  129 |    0 |    0 |    0 | 9999 |  339 |
#
1|    1 |    3 |  814 |FROZEN SOIL MOIST FRAC LYR 2 (TILES)|
2|    0 |    0 |    1 |    2 |    5 |   -1 |   -1 |    9 |    1 |    9 |    0 |
3| 000000000000000000000000000000 | 00000000000010000000 |    3 |
4|    1 |    2 | -99  -99  -99  -99  -99  -99  -99  -99  -99  -99 |
5|    0 | 1510 |    0 |  129 |    0 |    0 |    0 | 9999 |  339 |
#
1|    1 |    3 |  815 |FROZEN SOIL MOIST FRAC LYR 3 (TILES)|
2|    0 |    0 |    1 |    2 |    5 |   -1 |   -1 |    9 |    1 |    9 |    0 |
3| 000000000000000000000000000000 | 00000000000010000000 |    3 |
4|    1 |    2 | -99  -99  -99  -99  -99  -99  -99  -99  -99  -99 |
5|    0 | 1510 |    0 |  129 |    0 |    0 |    0 | 9999 |  339 |
#
1|    1 |    3 |  816 |FROZEN SOIL MOIST FRAC LYR 4 (TILES)|
2|    0 |    0 |    1 |    2 |    5 |   -1 |   -1 |    9 |    1 |    9 |    0 |
3| 000000000000000000000000000000 | 00000000000010000000 |    3 |
4|    1 |    2 | -99  -99  -99  -99  -99  -99  -99  -99  -99  -99 |
5|    0 | 1510 |    0 |  129 |    0 |    0 |    0 | 9999 |  339 |
#
1|    1 |    3 |  817 |FROZEN SOIL MOIST FRAC LYR 5 (TILES)|
2|    0 |    0 |    1 |    2 |    5 |   -1 |   -1 |    9 |    1 |    9 |    0 |
3| 000000000000000000000000000000 | 00000000000010000000 |    3 |
4|    1 |    2 | -99  -99  -99  -99  -99  -99  -99  -99  -99  -99 |
5|    0 | 1510 |    0 |  129 |    0 |    0 |    0 | 9999 |  339 |
#
1|    1 |    3 |  818 |FROZEN SOIL MOIST FRAC LYR 6 (TILES)|
2|    0 |    0 |    1 |    2 |    5 |   -1 |   -1 |    9 |    1 |    9 |    0 |
3| 000000000000000000000000000000 | 00000000000010000000 |    3 |
4|    1 |    2 | -99  -99  -99  -99  -99  -99  -99  -99  -99  -99 |
5|    0 | 1510 |    0 |  129 |    0 |    0 |    0 | 9999 |  339 |
#
1|    1 |    3 |  819 |SNOW DEPTH LAYER 1 (ON TILES)       |
2|    0 |    0 |    1 |    2 |    5 |   -1 |   -1 |    9 |    1 |    9 |    0 |
3| 000000000000000000000000000000 | 00000000000010000000 |    3 |
4|    1 |    2 | -99  -99  -99  -99  -99  -99  -99  -99  -99  -99 |
5|    0 | 1510 |    0 |  129 |    0 |    0 |    0 | 9999 |  339 |
#
1|    1 |    3 |  820 |SNOW DEPTH LAYER 2 (ON TILES)       |
2|    0 |    0 |    1 |    2 |    5 |   -1 |   -1 |    9 |    1 |    9 |    0 |
3| 000000000000000000000000000000 | 00000000000010000000 |    3 |
4|    1 |    2 | -99  -99  -99  -99  -99  -99  -99  -99  -99  -99 |
5|    0 | 1510 |    0 |  129 |    0 |    0 |    0 | 9999 |  339 |
#
1|    1 |    3 |  821 |SNOW DEPTH LAYER 3 (ON TILES)       |
2|    0 |    0 |    1 |    2 |    5 |   -1 |   -1 |    9 |    1 |    9 |    0 |
3| 000000000000000000000000000000 | 00000000000010000000 |    3 |
4|    1 |    2 | -99  -99  -99  -99  -99  -99  -99  -99  -99  -99 |
5|    0 | 1510 |    0 |  129 |    0 |    0 |    0 | 9999 |  339 |
#
1|    1 |    3 |  822 |SNOW MASS LAYER 1 (ON TILES)        |
2|    0 |    0 |    1 |    2 |    5 |   -1 |   -1 |    9 |    1 |    9 |    0 |
3| 000000000000000000000000000000 | 00000000000010000000 |    3 |
4|    1 |    2 | -99  -99  -99  -99  -99  -99  -99  -99  -99  -99 |
5|    0 | 1510 |    0 |  129 |    0 |    0 |    0 | 9999 |  339 |
#
1|    1 |    3 |  823 |SNOW MASS LAYER 2 (ON TILES)        |
2|    0 |    0 |    1 |    2 |    5 |   -1 |   -1 |    9 |    1 |    9 |    0 |
3| 000000000000000000000000000000 | 00000000000010000000 |    3 |
4|    1 |    2 | -99  -99  -99  -99  -99  -99  -99  -99  -99  -99 |
5|    0 | 1510 |    0 |  129 |    0 |    0 |    0 | 9999 |  339 |
#
1|    1 |    3 |  824 |SNOW MASS LAYER 3 (ON TILES)        |
2|    0 |    0 |    1 |    2 |    5 |   -1 |   -1 |    9 |    1 |    9 |    0 |
3| 000000000000000000000000000000 | 00000000000010000000 |    3 |
4|    1 |    2 | -99  -99  -99  -99  -99  -99  -99  -99  -99  -99 |
5|    0 | 1510 |    0 |  129 |    0 |    0 |    0 | 9999 |  339 |
#
1|    1 |    3 |  825 |SNOW TEMPERATURE LAYER 1 (ON TILES) |
2|    0 |    0 |    1 |    2 |    5 |   -1 |   -1 |    9 |    1 |    9 |    0 |
3| 000000000000000000000000000000 | 00000000000010000000 |    3 |
4|    1 |    2 | -99  -99  -99  -99  -99  -99  -99  -99  -99  -99 |
5|    0 | 1510 |    0 |  129 |    0 |    0 |    0 | 9999 |  339 |
#
1|    1 |    3 |  826 |SNOW TEMPERATURE LAYER 2 (ON TILES) |
2|    0 |    0 |    1 |    2 |    5 |   -1 |   -1 |    9 |    1 |    9 |    0 |
3| 000000000000000000000000000000 | 00000000000010000000 |    3 |
4|    1 |    2 | -99  -99  -99  -99  -99  -99  -99  -99  -99  -99 |
5|    0 | 1510 |    0 |  129 |    0 |    0 |    0 | 9999 |  339 |
#
1|    1 |    3 |  827 |SNOW TEMPERATURE LAYER 3 (ON TILES) |
2|    0 |    0 |    1 |    2 |    5 |   -1 |   -1 |    9 |    1 |    9 |    0 |
3| 000000000000000000000000000000 | 00000000000010000000 |    3 |
4|    1 |    2 | -99  -99  -99  -99  -99  -99  -99  -99  -99  -99 |
5|    0 | 1510 |    0 |  129 |    0 |    0 |    0 | 9999 |  339 |
#
1|    1 |    3 |  828 |SNOW DENSITY LAYER 1 (ON TILES)     |
2|    0 |    0 |    1 |    2 |    5 |   -1 |   -1 |    9 |    1 |    9 |    0 |
3| 000000000000000000000000000000 | 00000000000010000000 |    3 |
4|    1 |    2 | -99  -99  -99  -99  -99  -99  -99  -99  -99  -99 |
5|    0 | 1510 |    0 |  129 |    0 |    0 |    0 | 9999 |  339 |
#
1|    1 |    3 |  829 |SNOW DENSITY LAYER 2 (ON TILES)     |
2|    0 |    0 |    1 |    2 |    5 |   -1 |   -1 |    9 |    1 |    9 |    0 |
3| 000000000000000000000000000000 | 00000000000010000000 |    3 |
4|    1 |    2 | -99  -99  -99  -99  -99  -99  -99  -99  -99  -99 |
5|    0 | 1510 |    0 |  129 |    0 |    0 |    0 | 9999 |  339 |
#
1|    1 |    3 |  830 |SNOW DENSITY LAYER 3 (ON TILES)     |
2|    0 |    0 |    1 |    2 |    5 |   -1 |   -1 |    9 |    1 |    9 |    0 |
3| 000000000000000000000000000000 | 00000000000010000000 |    3 |
4|    1 |    2 | -99  -99  -99  -99  -99  -99  -99  -99  -99  -99 |
5|    0 | 1510 |    0 |  129 |    0 |    0 |    0 | 9999 |  339 |
#
1|    1 |    3 |  831 |SNOW MEAN DENSITY (ON TILES)        |
2|    0 |    0 |    1 |    2 |    5 |   -1 |   -1 |    9 |    1 |    9 |    0 |
3| 000000000000000000000000000000 | 00000000000010000000 |    3 |
4|    1 |    2 | -99  -99  -99  -99  -99  -99  -99  -99  -99  -99 |
5|    0 | 1510 |    0 |  129 |    0 |    0 |    0 | 9999 |  339 |
#
1|    1 |    3 |  832 |SNOW AGE (ON TILES)                 |
2|    0 |    0 |    1 |    2 |    5 |   -1 |   -1 |    9 |    1 |    9 |    0 |
3| 000000000000000000000000000000 | 00000000000010000000 |    3 |
4|    1 |    2 | -99  -99  -99  -99  -99  -99  -99  -99  -99  -99 |
5|    0 | 1510 |    0 |  129 |    0 |    0 |    0 | 9999 |  339 |
#
1|    1 |    0 |  224 |SOIL RESPIRATION ON TILES (CASA-CNP)|
2|    3 |    0 |    1 |   21 |    5 |   -1 |   -1 |    9 |    1 |    9 |    0 |
3| 000000000000000000020000000000 | 00000000000000000001 |    3 |
4|    1 |  122 | -99  -99  -99  -99  -99  -99  -99  -99  -99  -99 |
5|    0 | 1398 |    0 |  129 |    0 |    0 |    0 | 9999 |    0 |
#
1|    1 |    0 |  227 |PLANT RESPIRATION ON TILES (CASA)   |
2|    3 |    0 |    1 |   21 |    5 |   -1 |   -1 |    9 |    1 |    9 |    0 |
3| 000000000000000000020000000000 | 00000000000000000001 |    3 |
4|    1 |  122 | -99  -99  -99  -99  -99  -99  -99  -99  -99  -99 |
5|    0 | 1502 |    0 |  129 |    0 |    0 |    0 | 9999 |    0 |
#
1|    1 |    3 |  462 |STOMATAL CONDUCTANCE ON TILES (M/S) |
2|    0 |    0 |    1 |    1 |    5 |   -1 |   -1 |    9 |    1 |    9 |    0 |
3| 000000000000000000000000000000 | 00000000000010000000 |    3 |
4|    1 |    2 | -99  -99  -99  -99  -99  -99  -99  -99  -99  -99 |
5|    0 | 1896 |    0 |  129 |    0 |    0 |    0 |    0 |    0 |
#
1|    1 |    0 |  250 |CO2 OCEAN FLUX             KG/M**2/S|
2|    2 |    0 |    1 |    1 |    5 |   -1 |   -1 |    0 |    0 |    0 |    0 |
3| 000000000000000000000001000000 | 00000000000000000001 |    3 |
4|    1 |    2 | -99  -99  -99  -99  -99  -99  -99  -99  -99  -99 |
5|    0 | 1560 |    0 |  129 |    0 |    0 |    0 |    0 |    0 |
# end of file
